cantonese_140916_361200-1 1 0.00 0.03 7
cantonese_140916_361200-1 1 0.03 0.03 26
cantonese_140916_361200-1 1 0.06 0.09 17
cantonese_140916_361200-1 1 0.15 0.04 7
cantonese_140916_361200-1 1 0.19 0.04 26
cantonese_140916_361200-1 1 0.23 0.10 11
cantonese_140916_361200-1 1 0.33 0.08 13
cantonese_140916_361200-1 1 0.41 0.30 1
cantonese_140916_361200-1 1 0.71 0.06 12
cantonese_140916_361200-1 1 0.77 0.03 11
cantonese_140916_361200-1 1 0.80 0.04 27
cantonese_140916_361200-1 1 0.84 0.04 15
cantonese_140916_361200-1 1 0.88 0.05 31
cantonese_140916_361200-1 1 0.93 0.06 16
cantonese_140916_361200-1 1 0.99 0.06 33
cantonese_140916_361200-1 1 1.05 0.09 5
cantonese_140916_361200-1 1 1.14 0.04 16
cantonese_140916_361200-1 1 1.18 0.08 21
cantonese_140916_361200-1 1 1.26 0.08 11
cantonese_140916_361200-1 1 1.34 0.14 27
cantonese_140916_361200-1 1 1.48 0.47 1
cantonese_140916_361200-1 1 1.95 0.13 9
cantonese_140916_361200-1 1 2.08 0.10 5
cantonese_140916_361200-1 1 2.18 0.48 1
cantonese_140916_361200-1 1 2.66 0.12 20
cantonese_140916_361200-1 1 2.78 0.35 1
cantonese_140916_361200-1 1 3.13 0.08 6
cantonese_140916_361200-1 1 3.21 0.08 25
cantonese_140916_361200-1 1 3.29 0.07 13
cantonese_140916_361200-1 1 3.36 0.04 28
cantonese_140916_361200-1 1 3.40 0.03 25
cantonese_140916_361200-1 1 3.43 0.04 7
cantonese_140916_361200-1 1 3.47 0.18 8
cantonese_140916_361200-1 1 3.65 0.04 7
cantonese_140916_361200-1 1 3.69 0.06 26
cantonese_140916_361200-1 1 3.75 0.08 28
cantonese_140916_361200-1 1 3.83 0.05 25
cantonese_140916_361200-1 1 3.88 0.10 19
cantonese_140916_361200-1 1 3.98 0.04 31
cantonese_140916_361200-1 1 4.02 0.04 16
cantonese_140916_361200-1 1 4.06 0.05 33
cantonese_140916_361200-1 1 4.11 0.06 32
cantonese_140916_361200-1 1 4.17 0.09 12
cantonese_140916_361200-1 1 4.26 0.05 11
cantonese_140916_361200-1 1 4.31 0.05 16
cantonese_140916_361200-1 1 4.36 0.07 13
cantonese_140916_361200-1 1 4.43 0.10 4
cantonese_140916_361200-1 1 4.53 0.07 6
cantonese_140916_361200-1 1 4.60 0.11 17
cantonese_140916_361200-1 1 4.71 0.05 33
cantonese_140916_361200-1 1 4.76 0.30 17
cantonese_140916_361200-1 1 5.06 0.27 1
cantonese_140916_361200-1 1 5.33 0.03 14
cantonese_140916_361200-1 1 5.36 0.04 11
cantonese_140916_361200-1 1 5.40 0.08 27
cantonese_140916_361200-1 1 5.48 0.06 7
cantonese_140916_361200-1 1 5.54 0.20 3
cantonese_140916_361200-1 1 5.74 0.05 7
cantonese_140916_361200-1 1 5.79 0.06 26
cantonese_140916_361200-1 1 5.85 0.07 23
cantonese_140916_361200-1 1 5.92 0.07 27
cantonese_140916_361200-13 1 0.00 0.03 7
cantonese_140916_361200-13 1 0.03 0.03 26
cantonese_140916_361200-13 1 0.06 0.03 23
cantonese_140916_361200-13 1 0.09 0.03 27
cantonese_140916_361200-13 1 0.12 0.03 33
cantonese_140916_361200-13 1 0.15 0.22 5
cantonese_140916_361200-13 1 0.37 0.19 1
cantonese_140916_361200-13 1 0.56 0.06 7
cantonese_140916_361200-13 1 0.62 0.06 5
cantonese_140916_361200-13 1 0.68 0.03 20
cantonese_140916_361200-13 1 0.71 0.05 7
cantonese_140916_361200-13 1 0.76 0.14 17
cantonese_140916_361200-13 1 0.90 0.11 15
cantonese_140916_361200-13 1 1.01 0.08 22
cantonese_140916_361200-13 1 1.09 0.04 34
cantonese_140916_361200-13 1 1.13 0.05 18
cantonese_140916_361200-13 1 1.18 0.08 11
cantonese_140916_361200-13 1 1.26 0.06 27
cantonese_140916_361200-13 1 1.32 0.10 9
cantonese_140916_361200-13 1 1.42 0.09 29
cantonese_140916_361200-13 1 1.51 0.05 27
cantonese_140916_361200-13 1 1.56 0.05 33
cantonese_140916_361200-13 1 1.61 0.05 23
cantonese_140916_361200-13 1 1.66 0.10 27
cantonese_140916_361200-13 1 1.76 0.06 14
cantonese_140916_361200-13 1 1.82 0.25 8
cantonese_140916_361200-13 1 2.07 0.06 1
cantonese_140916_361200-13 1 2.13 0.12 19
cantonese_140916_361200-13 1 2.25 0.14 8
cantonese_140916_361200-13 1 2.39 0.08 15
cantonese_140916_361200-13 1 2.47 0.09 5
cantonese_140916_361200-13 1 2.56 0.05 16
cantonese_140916_361200-13 1 2.61 0.05 33
cantonese_140916_361200-13 1 2.66 0.15 8
cantonese_140916_361200-13 1 2.81 0.06 33
cantonese_140916_361200-13 1 2.87 0.13 11
cantonese_140916_361200-13 1 3.00 0.50 16
cantonese_140916_361200-13 1 3.50 0.29 1
cantonese_140916_361200-13 1 3.79 0.04 14
cantonese_140916_361200-13 1 3.83 0.03 5
cantonese_140916_361200-13 1 3.86 0.11 20
cantonese_140916_361200-13 1 3.97 0.09 32
cantonese_140916_361200-13 1 4.06 0.03 27
cantonese_140916_361200-13 1 4.09 0.03 14
cantonese_140916_361200-13 1 4.12 0.04 29
cantonese_140916_361200-13 1 4.16 0.04 13
cantonese_140916_361200-13 1 4.20 0.04 10
cantonese_140916_361200-13 1 4.24 0.08 28
cantonese_140916_361200-13 1 4.32 0.10 25
cantonese_140916_361200-13 1 4.42 0.09 7
cantonese_140916_361200-13 1 4.51 0.05 26
cantonese_140916_361200-13 1 4.56 0.03 31
cantonese_140916_361200-13 1 4.59 0.06 16
cantonese_140916_361200-13 1 4.65 0.04 10
cantonese_140916_361200-13 1 4.69 0.05 3
cantonese_140916_361200-13 1 4.74 0.06 12
cantonese_140916_361200-13 1 4.80 0.04 4
cantonese_140916_361200-13 1 4.84 0.06 7
cantonese_140916_361200-13 1 4.90 0.05 11
cantonese_140916_361200-13 1 4.95 0.11 19
cantonese_140916_361200-13 1 5.06 0.05 23
cantonese_140916_361200-13 1 5.11 0.08 27
cantonese_140916_361200-13 1 5.19 0.05 12
cantonese_140916_361200-13 1 5.24 0.04 31
cantonese_140916_361200-13 1 5.28 0.07 16
cantonese_140916_361200-13 1 5.35 0.08 20
cantonese_140916_361200-13 1 5.43 0.04 32
cantonese_140916_361200-13 1 5.47 0.05 27
cantonese_140916_361200-13 1 5.52 0.09 15
cantonese_140916_361200-13 1 5.61 0.05 31
cantonese_140916_361200-13 1 5.66 0.62 16
cantonese_140916_361200-13 1 6.28 0.16 1
cantonese_140916_361200-13 1 6.44 0.05 14
cantonese_140916_361200-13 1 6.49 0.06 5
cantonese_140916_361200-13 1 6.55 0.07 33
cantonese_140916_361200-13 1 6.62 0.07 29
cantonese_140916_361200-13 1 6.69 0.04 27
cantonese_140916_361200-13 1 6.73 0.03 1
cantonese_140916_361200-14 1 0.00 0.03 9
cantonese_140916_361200-14 1 0.03 0.03 5
cantonese_140916_361200-14 1 0.06 0.03 16
cantonese_140916_361200-14 1 0.09 0.03 7
cantonese_140916_361200-14 1 0.12 0.03 11
cantonese_140916_361200-14 1 0.15 0.04 14
cantonese_140916_361200-14 1 0.19 0.05 5
cantonese_140916_361200-14 1 0.24 0.04 18
cantonese_140916_361200-14 1 0.28 0.08 19
cantonese_140916_361200-14 1 0.36 0.06 5
cantonese_140916_361200-14 1 0.42 0.03 18
cantonese_140916_361200-14 1 0.45 0.07 14
cantonese_140916_361200-14 1 0.52 0.17 5
cantonese_140916_361200-14 1 0.69 0.28 1
cantonese_140916_361200-14 1 0.97 0.07 12
cantonese_140916_361200-14 1 1.04 0.04 25
cantonese_140916_361200-14 1 1.08 0.03 16
cantonese_140916_361200-14 1 1.11 0.04 14
cantonese_140916_361200-14 1 1.15 0.06 30
cantonese_140916_361200-14 1 1.21 0.14 21
cantonese_140916_361200-14 1 1.35 0.06 25
cantonese_140916_361200-14 1 1.41 0.09 16
cantonese_140916_361200-14 1 1.50 0.11 13
cantonese_140916_361200-14 1 1.61 0.24 4
cantonese_140916_361200-14 1 1.85 0.03 1
cantonese_140916_361200-14 1 1.88 0.10 12
cantonese_140916_361200-14 1 1.98 0.07 4
cantonese_140916_361200-14 1 2.05 0.15 19
cantonese_140916_361200-14 1 2.20 0.13 5
cantonese_140916_361200-14 1 2.33 0.04 15
cantonese_140916_361200-14 1 2.37 0.10 9
cantonese_140916_361200-14 1 2.47 0.05 31
cantonese_140916_361200-14 1 2.52 0.07 16
cantonese_140916_361200-14 1 2.59 0.05 7
cantonese_140916_361200-14 1 2.64 0.05 26
cantonese_140916_361200-14 1 2.69 0.07 11
cantonese_140916_361200-14 1 2.76 0.08 12
cantonese_140916_361200-14 1 2.84 0.03 31
cantonese_140916_361200-14 1 2.87 0.04 20
cantonese_140916_361200-14 1 2.91 0.09 33
cantonese_140916_361200-14 1 3.00 0.09 32
cantonese_140916_361200-14 1 3.09 0.10 10
cantonese_140916_361200-14 1 3.19 0.11 30
cantonese_140916_361200-14 1 3.30 0.07 33
cantonese_140916_361200-14 1 3.37 0.07 24
cantonese_140916_361200-14 1 3.44 0.20 3
cantonese_140916_361200-14 1 3.64 0.13 1
cantonese_140916_361200-14 1 3.77 0.04 7
cantonese_140916_361200-14 1 3.81 0.07 17
cantonese_140916_361200-14 1 3.88 0.11 19
cantonese_140916_361200-14 1 3.99 0.07 11
cantonese_140916_361200-14 1 4.06 0.08 33
cantonese_140916_361200-14 1 4.14 0.08 29
cantonese_140916_361200-14 1 4.22 0.03 7
cantonese_140916_361200-14 1 4.25 0.04 26
cantonese_140916_361200-14 1 4.29 0.03 28
cantonese_140916_361200-14 1 4.32 0.03 27
cantonese_140916_361200-14 1 4.35 0.04 7
cantonese_140916_361200-14 1 4.39 0.05 11
cantonese_140916_361200-14 1 4.44 0.08 14
cantonese_140916_361200-14 1 4.52 0.05 5
cantonese_140916_361200-14 1 4.57 0.05 18
cantonese_140916_361200-14 1 4.62 0.10 19
cantonese_140916_361200-14 1 4.72 0.07 5
cantonese_140916_361200-14 1 4.79 0.05 18
cantonese_140916_361200-14 1 4.84 0.12 19
cantonese_140916_361200-14 1 4.96 0.04 11
cantonese_140916_361200-14 1 5.00 0.04 13
cantonese_140916_361200-14 1 5.04 0.03 7
cantonese_140916_361200-14 1 5.07 0.05 26
cantonese_140916_361200-14 1 5.12 0.03 29
cantonese_140916_361200-14 1 5.15 0.05 14
cantonese_140916_361200-14 1 5.20 0.04 29
cantonese_140916_361200-14 1 5.24 0.04 13
cantonese_140916_361200-14 1 5.28 0.10 20
cantonese_140916_361200-14 1 5.38 0.25 17
cantonese_140916_361200-14 1 5.63 0.47 1
cantonese_140916_361200-15 1 0.00 0.21 1
cantonese_140916_361200-15 1 0.21 0.05 33
cantonese_140916_361200-15 1 0.26 0.07 28
cantonese_140916_361200-15 1 0.33 0.08 25
cantonese_140916_361200-15 1 0.41 0.03 33
cantonese_140916_361200-15 1 0.44 0.14 1
cantonese_140916_361200-15 1 0.58 0.11 32
cantonese_140916_361200-15 1 0.69 0.08 9
cantonese_140916_361200-15 1 0.77 0.37 1
cantonese_140916_361200-15 1 1.14 0.19 29
cantonese_140916_361200-15 1 1.33 0.15 1
cantonese_140916_361200-15 1 1.48 0.06 10
cantonese_140916_361200-15 1 1.54 0.13 29
cantonese_140916_361200-15 1 1.67 0.04 13
cantonese_140916_361200-15 1 1.71 0.07 33
cantonese_140916_361200-15 1 1.78 0.27 5
cantonese_140916_361200-15 1 2.05 1.07 1
cantonese_140916_361200-15 1 3.12 0.09 6
cantonese_140916_361200-15 1 3.21 0.11 25
cantonese_140916_361200-15 1 3.32 0.08 19
cantonese_140916_361200-15 1 3.40 0.28 11
cantonese_140916_361200-15 1 3.68 0.33 1
cantonese_140916_361200-15 1 4.01 0.04 7
cantonese_140916_361200-15 1 4.05 0.06 26
cantonese_140916_361200-15 1 4.11 0.06 11
cantonese_140916_361200-15 1 4.17 0.09 21
cantonese_140916_361200-15 1 4.26 0.09 23
cantonese_140916_361200-15 1 4.35 0.17 27
cantonese_140916_361200-15 1 4.52 0.04 1
cantonese_140916_361200-15 1 4.56 0.11 19
cantonese_140916_361200-15 1 4.67 0.09 17
cantonese_140916_361200-15 1 4.76 0.08 33
cantonese_140916_361200-15 1 4.84 0.04 4
cantonese_140916_361200-15 1 4.88 0.05 7
cantonese_140916_361200-15 1 4.93 0.05 26
cantonese_140916_361200-15 1 4.98 0.13 3
cantonese_140916_361200-15 1 5.11 0.10 6
cantonese_140916_361200-15 1 5.21 0.07 31
cantonese_140916_361200-15 1 5.28 0.16 16
cantonese_140916_361200-15 1 5.44 0.03 1
cantonese_140916_361200-15 1 5.47 0.11 10
cantonese_140916_361200-15 1 5.58 0.06 3
cantonese_140916_361200-15 1 5.64 0.03 12
cantonese_140916_361200-15 1 5.67 0.03 31
cantonese_140916_361200-15 1 5.70 0.03 20
cantonese_140916_361200-16 1 0.00 0.03 12
cantonese_140916_361200-16 1 0.03 0.07 1
cantonese_140916_361200-16 1 0.10 0.03 31
cantonese_140916_361200-16 1 0.13 0.03 20
cantonese_140916_361200-16 1 0.16 0.03 33
cantonese_140916_361200-16 1 0.19 0.13 4
cantonese_140916_361200-16 1 0.32 0.04 1
cantonese_140916_361200-16 1 0.36 0.14 15
cantonese_140916_361200-16 1 0.50 0.05 14
cantonese_140916_361200-16 1 0.55 0.05 32
cantonese_140916_361200-16 1 0.60 0.04 27
cantonese_140916_361200-16 1 0.64 0.03 14
cantonese_140916_361200-16 1 0.67 0.10 11
cantonese_140916_361200-16 1 0.77 0.05 16
cantonese_140916_361200-16 1 0.82 0.06 7
cantonese_140916_361200-16 1 0.88 0.13 30
cantonese_140916_361200-16 1 1.01 0.14 10
cantonese_140916_361200-16 1 1.15 0.06 30
cantonese_140916_361200-16 1 1.21 0.12 21
cantonese_140916_361200-16 1 1.33 0.08 11
cantonese_140916_361200-16 1 1.41 0.09 19
cantonese_140916_361200-16 1 1.50 0.04 31
cantonese_140916_361200-16 1 1.54 0.08 27
cantonese_140916_361200-16 1 1.62 0.11 21
cantonese_140916_361200-16 1 1.73 0.08 5
cantonese_140916_361200-16 1 1.81 0.07 16
cantonese_140916_361200-16 1 1.88 0.08 12
cantonese_140916_361200-16 1 1.96 0.05 11
cantonese_140916_361200-16 1 2.01 0.06 14
cantonese_140916_361200-16 1 2.07 0.27 3
cantonese_140916_361200-16 1 2.34 0.19 1
cantonese_140916_361200-16 1 2.53 0.24 10
cantonese_140916_361200-16 1 2.77 0.13 30
cantonese_140916_361200-16 1 2.90 0.07 33
cantonese_140916_361200-16 1 2.97 0.09 24
cantonese_140916_361200-16 1 3.06 0.24 3
cantonese_140916_361200-16 1 3.30 0.03 1
cantonese_140916_361200-16 1 3.33 0.03 7
cantonese_140916_361200-16 1 3.36 0.06 26
cantonese_140916_361200-16 1 3.42 0.03 28
cantonese_140916_361200-16 1 3.45 0.03 27
cantonese_140916_361200-16 1 3.48 0.05 7
cantonese_140916_361200-16 1 3.53 0.04 11
cantonese_140916_361200-16 1 3.57 0.08 14
cantonese_140916_361200-16 1 3.65 0.06 5
cantonese_140916_361200-16 1 3.71 0.04 18
cantonese_140916_361200-16 1 3.75 0.12 19
cantonese_140916_361200-16 1 3.87 0.08 5
cantonese_140916_361200-16 1 3.95 0.05 18
cantonese_140916_361200-16 1 4.00 0.10 19
cantonese_140916_361200-16 1 4.10 0.04 11
cantonese_140916_361200-16 1 4.14 0.03 13
cantonese_140916_361200-16 1 4.17 0.05 14
cantonese_140916_361200-16 1 4.22 0.04 29
cantonese_140916_361200-16 1 4.26 0.05 13
cantonese_140916_361200-16 1 4.31 0.12 20
cantonese_140916_361200-16 1 4.43 0.12 17
cantonese_140916_361200-16 1 4.55 0.05 33
cantonese_140916_361200-16 1 4.60 0.04 32
cantonese_140916_361200-16 1 4.64 0.10 21
cantonese_140916_361200-16 1 4.74 0.03 11
cantonese_140916_361200-16 1 4.77 0.07 27
cantonese_140916_361200-16 1 4.84 0.11 9
cantonese_140916_361200-16 1 4.95 0.14 29
cantonese_140916_361200-16 1 5.09 0.11 27
cantonese_140916_361200-16 1 5.20 0.07 1
cantonese_140916_361200-16 1 5.27 0.05 12
cantonese_140916_361200-16 1 5.32 0.09 25
cantonese_140916_361200-16 1 5.41 0.07 20
cantonese_140916_361200-17 1 0.00 0.08 14
cantonese_140916_361200-17 1 0.08 0.09 3
cantonese_140916_361200-17 1 0.17 0.09 12
cantonese_140916_361200-17 1 0.26 0.10 25
cantonese_140916_361200-17 1 0.36 0.04 20
cantonese_140916_361200-17 1 0.40 0.06 14
cantonese_140916_361200-17 1 0.46 0.04 11
cantonese_140916_361200-17 1 0.50 0.07 27
cantonese_140916_361200-17 1 0.57 0.06 12
cantonese_140916_361200-17 1 0.63 0.04 31
cantonese_140916_361200-17 1 0.67 0.08 16
cantonese_140916_361200-17 1 0.75 0.07 7
cantonese_140916_361200-17 1 0.82 0.11 5
cantonese_140916_361200-17 1 0.93 0.05 15
cantonese_140916_361200-17 1 0.98 0.10 12
cantonese_140916_361200-17 1 1.08 0.24 4
cantonese_140916_361200-17 1 1.32 0.93 1
cantonese_140916_361200-17 1 2.25 0.17 17
cantonese_140916_361200-17 1 2.42 0.05 7
cantonese_140916_361200-17 1 2.47 0.05 26
cantonese_140916_361200-17 1 2.52 0.09 4
cantonese_140916_361200-17 1 2.61 0.08 6
cantonese_140916_361200-17 1 2.69 0.05 31
cantonese_140916_361200-17 1 2.74 0.06 13
cantonese_140916_361200-17 1 2.80 0.05 6
cantonese_140916_361200-17 1 2.85 0.24 17
cantonese_140916_361200-17 1 3.09 0.03 1
cantonese_140916_361200-17 1 3.12 0.08 12
cantonese_140916_361200-17 1 3.20 0.04 4
cantonese_140916_361200-17 1 3.24 0.06 12
cantonese_140916_361200-17 1 3.30 0.03 31
cantonese_140916_361200-17 1 3.33 0.03 20
cantonese_140916_361200-17 1 3.36 0.04 33
cantonese_140916_361200-17 1 3.40 0.06 29
cantonese_140916_361200-17 1 3.46 0.10 10
cantonese_140916_361200-17 1 3.56 0.11 30
cantonese_140916_361200-17 1 3.67 0.14 24
cantonese_140916_361200-17 1 3.81 0.09 5
cantonese_140916_361200-17 1 3.90 0.18 16
cantonese_140916_361200-17 1 4.08 0.04 1
cantonese_140916_361200-17 1 4.12 0.12 33
cantonese_140916_361200-17 1 4.24 0.08 25
cantonese_140916_361200-17 1 4.32 0.03 7
cantonese_140916_361200-17 1 4.35 0.04 26
cantonese_140916_361200-17 1 4.39 0.11 17
cantonese_140916_361200-17 1 4.50 0.13 13
cantonese_140916_361200-17 1 4.63 0.05 5
cantonese_140916_361200-17 1 4.68 0.03 6
cantonese_140916_361200-17 1 4.71 0.03 31
cantonese_140916_361200-17 1 4.74 0.07 16
cantonese_140916_361200-17 1 4.81 0.36 1
cantonese_140916_361200-17 1 5.17 0.21 14
cantonese_140916_361200-17 1 5.38 0.95 1
cantonese_140916_361200-17 1 6.33 0.14 8
cantonese_140916_361200-17 1 6.47 0.19 1
cantonese_140916_361200-18 1 0.00 0.22 1
cantonese_140916_361200-18 1 0.22 0.07 12
cantonese_140916_361200-18 1 0.29 0.81 1
cantonese_140916_361200-18 1 1.10 0.07 25
cantonese_140916_361200-18 1 1.17 0.04 33
cantonese_140916_361200-18 1 1.21 0.06 29
cantonese_140916_361200-18 1 1.27 0.06 7
cantonese_140916_361200-18 1 1.33 0.09 3
cantonese_140916_361200-18 1 1.42 0.08 33
cantonese_140916_361200-18 1 1.50 0.07 5
cantonese_140916_361200-18 1 1.57 0.11 20
cantonese_140916_361200-18 1 1.68 0.16 3
cantonese_140916_361200-18 1 1.84 0.03 1
cantonese_140916_361200-18 1 1.87 0.13 17
cantonese_140916_361200-18 1 2.00 0.04 7
cantonese_140916_361200-18 1 2.04 0.04 26
cantonese_140916_361200-18 1 2.08 0.07 4
cantonese_140916_361200-18 1 2.15 0.08 7
cantonese_140916_361200-18 1 2.23 0.12 8
cantonese_140916_361200-18 1 2.35 0.07 20
cantonese_140916_361200-18 1 2.42 0.06 17
cantonese_140916_361200-18 1 2.48 0.04 33
cantonese_140916_361200-18 1 2.52 0.04 32
cantonese_140916_361200-18 1 2.56 0.14 24
cantonese_140916_361200-18 1 2.70 0.24 5
cantonese_140916_361200-18 1 2.94 0.20 1
cantonese_140916_361200-18 1 3.14 0.03 33
cantonese_140916_361200-18 1 3.17 0.05 31
cantonese_140916_361200-18 1 3.22 0.07 15
cantonese_140916_361200-18 1 3.29 0.06 13
cantonese_140916_361200-18 1 3.35 0.04 28
cantonese_140916_361200-18 1 3.39 0.03 25
cantonese_140916_361200-18 1 3.42 0.03 7
cantonese_140916_361200-18 1 3.45 0.05 26
cantonese_140916_361200-18 1 3.50 0.05 4
cantonese_140916_361200-18 1 3.55 0.08 10
cantonese_140916_361200-18 1 3.63 0.16 3
cantonese_140916_361200-18 1 3.79 0.03 1
cantonese_140916_361200-18 1 3.82 0.14 17
cantonese_140916_361200-18 1 3.96 0.07 7
cantonese_140916_361200-18 1 4.03 0.06 26
cantonese_140916_361200-18 1 4.09 0.18 4
cantonese_140916_361200-18 1 4.27 0.03 1
cantonese_140916_361200-18 1 4.30 0.03 7
cantonese_140916_361200-18 1 4.33 0.07 26
cantonese_140916_361200-18 1 4.40 0.09 28
cantonese_140916_361200-18 1 4.49 0.05 25
cantonese_140916_361200-18 1 4.54 0.11 19
cantonese_140916_361200-18 1 4.65 0.10 28
cantonese_140916_361200-18 1 4.75 0.08 27
cantonese_140916_361200-18 1 4.83 0.07 7
cantonese_140916_361200-18 1 4.90 0.09 25
cantonese_140916_361200-18 1 4.99 0.07 16
cantonese_140916_361200-18 1 5.06 0.05 7
cantonese_140916_361200-18 1 5.11 0.04 26
cantonese_140916_361200-18 1 5.15 0.04 11
cantonese_140916_361200-18 1 5.19 0.11 27
cantonese_140916_361200-18 1 5.30 0.04 7
cantonese_140916_361200-18 1 5.34 0.04 26
cantonese_140916_361200-18 1 5.38 0.05 23
cantonese_140916_361200-18 1 5.43 0.03 27
cantonese_140916_361200-18 1 5.46 0.04 33
cantonese_140916_361200-18 1 5.50 0.05 32
cantonese_140916_361200-18 1 5.55 0.05 7
cantonese_140916_361200-18 1 5.60 0.11 8
cantonese_140916_361200-18 1 5.71 0.12 9
cantonese_140916_361200-18 1 5.83 0.11 29
cantonese_140916_361200-18 1 5.94 0.12 27
cantonese_140916_361200-18 1 6.06 0.33 1
cantonese_140916_361200-19 1 0.00 0.04 10
cantonese_140916_361200-19 1 0.04 0.14 17
cantonese_140916_361200-19 1 0.18 0.03 12
cantonese_140916_361200-19 1 0.21 0.06 25
cantonese_140916_361200-19 1 0.27 0.07 27
cantonese_140916_361200-19 1 0.34 0.07 12
cantonese_140916_361200-19 1 0.41 0.06 11
cantonese_140916_361200-19 1 0.47 0.03 7
cantonese_140916_361200-19 1 0.50 0.04 26
cantonese_140916_361200-19 1 0.54 0.04 4
cantonese_140916_361200-19 1 0.58 0.06 24
cantonese_140916_361200-19 1 0.64 0.03 31
cantonese_140916_361200-19 1 0.67 0.03 16
cantonese_140916_361200-19 1 0.70 0.04 7
cantonese_140916_361200-19 1 0.74 0.03 31
cantonese_140916_361200-19 1 0.77 0.03 13
cantonese_140916_361200-19 1 0.80 0.08 21
cantonese_140916_361200-19 1 0.88 0.04 28
cantonese_140916_361200-19 1 0.92 0.03 20
cantonese_140916_361200-19 1 0.95 0.04 14
cantonese_140916_361200-19 1 0.99 0.07 8
cantonese_140916_361200-19 1 1.06 0.05 33
cantonese_140916_361200-19 1 1.11 0.03 5
cantonese_140916_361200-19 1 1.14 0.05 14
cantonese_140916_361200-19 1 1.19 0.15 5
cantonese_140916_361200-19 1 1.34 0.49 1
cantonese_140916_361200-19 1 1.83 0.06 33
cantonese_140916_361200-19 1 1.89 0.07 28
cantonese_140916_361200-19 1 1.96 0.09 25
cantonese_140916_361200-19 1 2.05 0.30 1
cantonese_140916_361200-19 1 2.35 0.07 33
cantonese_140916_361200-19 1 2.42 0.61 1
cantonese_140916_361200-19 1 3.03 0.13 23
cantonese_140916_361200-19 1 3.16 0.08 33
cantonese_140916_361200-19 1 3.24 0.25 3
cantonese_140916_361200-19 1 3.49 0.12 1
cantonese_140916_361200-19 1 3.61 0.07 7
cantonese_140916_361200-19 1 3.68 0.06 5
cantonese_140916_361200-19 1 3.74 0.05 16
cantonese_140916_361200-19 1 3.79 0.03 10
cantonese_140916_361200-19 1 3.82 0.08 3
cantonese_140916_361200-19 1 3.90 0.05 10
cantonese_140916_361200-19 1 3.95 0.10 3
cantonese_140916_361200-19 1 4.05 0.08 33
cantonese_140916_361200-19 1 4.13 0.17 30
cantonese_140916_361200-19 1 4.30 0.15 21
cantonese_140916_361200-19 1 4.45 0.24 25
cantonese_140916_361200-19 1 4.69 0.14 1
cantonese_140916_361200-19 1 4.83 0.06 33
cantonese_140916_361200-19 1 4.89 0.04 11
cantonese_140916_361200-19 1 4.93 0.05 27
cantonese_140916_361200-19 1 4.98 0.08 12
cantonese_140916_361200-19 1 5.06 0.03 11
cantonese_140916_361200-19 1 5.09 0.09 12
cantonese_140916_361200-19 1 5.18 0.20 4
cantonese_140916_361200-19 1 5.38 0.04 1
cantonese_140916_361200-19 1 5.42 0.18 15
cantonese_140916_361200-19 1 5.60 0.13 21
cantonese_140916_361200-19 1 5.73 0.11 11
cantonese_140916_361200-19 1 5.84 0.13 16
cantonese_140916_361200-19 1 5.97 0.18 1
cantonese_140916_361200-20 1 0.00 0.03 7
cantonese_140916_361200-20 1 0.03 0.03 26
cantonese_140916_361200-20 1 0.06 0.03 11
cantonese_140916_361200-20 1 0.09 0.04 7
cantonese_140916_361200-20 1 0.13 0.07 17
cantonese_140916_361200-20 1 0.20 0.06 12
cantonese_140916_361200-20 1 0.26 0.03 31
cantonese_140916_361200-20 1 0.29 0.03 20
cantonese_140916_361200-20 1 0.32 0.08 15
cantonese_140916_361200-20 1 0.40 0.10 5
cantonese_140916_361200-20 1 0.50 0.09 16
cantonese_140916_361200-20 1 0.59 0.04 1
cantonese_140916_361200-20 1 0.63 0.17 15
cantonese_140916_361200-20 1 0.80 0.09 21
cantonese_140916_361200-20 1 0.89 0.05 11
cantonese_140916_361200-20 1 0.94 0.03 16
cantonese_140916_361200-20 1 0.97 0.04 7
cantonese_140916_361200-20 1 1.01 0.03 26
cantonese_140916_361200-20 1 1.04 0.08 32
cantonese_140916_361200-20 1 1.12 0.03 13
cantonese_140916_361200-20 1 1.15 0.08 10
cantonese_140916_361200-20 1 1.23 0.13 30
cantonese_140916_361200-20 1 1.36 0.06 33
cantonese_140916_361200-20 1 1.42 0.08 24
cantonese_140916_361200-20 1 1.50 0.20 3
cantonese_140916_361200-20 1 1.70 0.31 1
cantonese_140916_361200-20 1 2.01 0.04 12
cantonese_140916_361200-20 1 2.05 0.03 31
cantonese_140916_361200-20 1 2.08 0.03 16
cantonese_140916_361200-20 1 2.11 0.04 24
cantonese_140916_361200-20 1 2.15 0.08 3
cantonese_140916_361200-20 1 2.23 0.12 20
cantonese_140916_361200-20 1 2.35 0.04 31
cantonese_140916_361200-20 1 2.39 0.05 16
cantonese_140916_361200-20 1 2.44 0.08 10
cantonese_140916_361200-20 1 2.52 0.07 5
cantonese_140916_361200-20 1 2.59 0.04 7
cantonese_140916_361200-20 1 2.63 0.05 26
cantonese_140916_361200-20 1 2.68 0.31 29
cantonese_140916_361200-20 1 2.99 0.03 1
cantonese_140916_361200-20 1 3.02 0.08 10
cantonese_140916_361200-20 1 3.10 0.06 3
cantonese_140916_361200-20 1 3.16 0.13 10
cantonese_140916_361200-20 1 3.29 0.10 30
cantonese_140916_361200-20 1 3.39 0.04 7
cantonese_140916_361200-20 1 3.43 0.05 26
cantonese_140916_361200-20 1 3.48 0.04 23
cantonese_140916_361200-20 1 3.52 0.05 27
cantonese_140916_361200-20 1 3.57 0.11 9
cantonese_140916_361200-20 1 3.68 0.15 4
cantonese_140916_361200-20 1 3.83 0.11 21
cantonese_140916_361200-20 1 3.94 0.04 31
cantonese_140916_361200-20 1 3.98 0.09 15
cantonese_140916_361200-20 1 4.07 0.04 33
cantonese_140916_361200-20 1 4.11 0.10 32
cantonese_140916_361200-20 1 4.21 0.12 9
cantonese_140916_361200-20 1 4.33 0.13 3
cantonese_140916_361200-20 1 4.46 0.07 10
cantonese_140916_361200-20 1 4.53 0.10 8
cantonese_140916_361200-20 1 4.63 0.10 12
cantonese_140916_361200-20 1 4.73 0.08 25
cantonese_140916_361200-20 1 4.81 0.10 15
cantonese_140916_361200-20 1 4.91 0.17 29
cantonese_140916_361200-20 1 5.08 0.12 27
cantonese_140916_361200-20 1 5.20 0.03 1
cantonese_140916_361200-20 1 5.23 0.12 12
cantonese_140916_361200-20 1 5.35 0.07 11
cantonese_140916_361200-20 1 5.42 0.05 1
cantonese_140916_361200-21 1 0.00 0.03 7
cantonese_140916_361200-21 1 0.03 0.03 26
cantonese_140916_361200-21 1 0.06 0.08 25
cantonese_140916_361200-21 1 0.14 0.05 7
cantonese_140916_361200-21 1 0.19 0.04 26
cantonese_140916_361200-21 1 0.23 0.09 11
cantonese_140916_361200-21 1 0.32 0.13 19
cantonese_140916_361200-21 1 0.45 0.05 5
cantonese_140916_361200-21 1 0.50 0.03 20
cantonese_140916_361200-21 1 0.53 0.08 19
cantonese_140916_361200-21 1 0.61 0.04 31
cantonese_140916_361200-21 1 0.65 0.06 16
cantonese_140916_361200-21 1 0.71 0.05 7
cantonese_140916_361200-21 1 0.76 0.06 26
cantonese_140916_361200-21 1 0.82 0.05 11
cantonese_140916_361200-21 1 0.87 0.07 24
cantonese_140916_361200-21 1 0.94 0.27 29
cantonese_140916_361200-21 1 1.21 0.52 1
cantonese_140916_361200-21 1 1.73 0.11 12
cantonese_140916_361200-21 1 1.84 0.07 11
cantonese_140916_361200-21 1 1.91 0.04 16
cantonese_140916_361200-21 1 1.95 0.03 32
cantonese_140916_361200-21 1 1.98 0.04 12
cantonese_140916_361200-21 1 2.02 0.03 31
cantonese_140916_361200-21 1 2.05 0.03 20
cantonese_140916_361200-21 1 2.08 0.04 7
cantonese_140916_361200-21 1 2.12 0.07 11
cantonese_140916_361200-21 1 2.19 0.10 12
cantonese_140916_361200-21 1 2.29 0.09 25
cantonese_140916_361200-21 1 2.38 0.09 15
cantonese_140916_361200-21 1 2.47 0.17 29
cantonese_140916_361200-21 1 2.64 0.16 27
cantonese_140916_361200-21 1 2.80 0.10 1
cantonese_140916_361200-21 1 2.90 0.05 7
cantonese_140916_361200-21 1 2.95 0.16 3
cantonese_140916_361200-21 1 3.11 0.08 6
cantonese_140916_361200-21 1 3.19 0.08 17
cantonese_140916_361200-21 1 3.27 0.12 9
cantonese_140916_361200-21 1 3.39 0.08 31
cantonese_140916_361200-21 1 3.47 0.16 16
cantonese_140916_361200-21 1 3.63 0.13 1
cantonese_140916_361200-21 1 3.76 0.18 15
cantonese_140916_361200-21 1 3.94 0.07 10
cantonese_140916_361200-21 1 4.01 0.11 3
cantonese_140916_361200-21 1 4.12 0.03 1
cantonese_140916_361200-21 1 4.15 0.19 17
cantonese_140916_361200-21 1 4.34 0.06 7
cantonese_140916_361200-21 1 4.40 0.06 26
cantonese_140916_361200-21 1 4.46 0.09 4
cantonese_140916_361200-21 1 4.55 0.06 33
cantonese_140916_361200-21 1 4.61 0.07 32
cantonese_140916_361200-21 1 4.68 0.09 6
cantonese_140916_361200-21 1 4.77 0.06 23
cantonese_140916_361200-21 1 4.83 0.06 16
cantonese_140916_361200-21 1 4.89 0.04 7
cantonese_140916_361200-21 1 4.93 0.12 8
cantonese_140916_361200-21 1 5.05 0.18 1
cantonese_140916_361200-21 1 5.23 0.09 15
cantonese_140916_361200-21 1 5.32 0.05 31
cantonese_140916_361200-21 1 5.37 0.10 20
cantonese_140916_361200-21 1 5.47 0.83 1
cantonese_140916_361200-21 1 6.30 0.04 7
cantonese_140916_361200-21 1 6.34 0.04 26
cantonese_140916_361200-21 1 6.38 0.05 11
cantonese_140916_361200-21 1 6.43 0.07 12
cantonese_140916_361200-21 1 6.50 0.14 25
cantonese_140916_361200-21 1 6.64 0.03 1
cantonese_140916_361200-21 1 6.67 0.16 17
cantonese_140916_361200-21 1 6.83 0.04 1
cantonese_140916_361200-22 1 0.00 0.03 7
cantonese_140916_361200-22 1 0.03 0.03 26
cantonese_140916_361200-22 1 0.06 0.08 4
cantonese_140916_361200-22 1 0.14 0.07 14
cantonese_140916_361200-22 1 0.21 0.15 5
cantonese_140916_361200-22 1 0.36 0.04 15
cantonese_140916_361200-22 1 0.40 0.04 15
cantonese_140916_361200-22 1 0.44 0.10 11
cantonese_140916_361200-22 1 0.54 0.03 16
cantonese_140916_361200-22 1 0.57 0.05 33
cantonese_140916_361200-22 1 0.62 0.15 32
cantonese_140916_361200-22 1 0.77 0.36 1
cantonese_140916_361200-22 1 1.13 0.06 15
cantonese_140916_361200-22 1 1.19 0.08 5
cantonese_140916_361200-22 1 1.27 0.05 16
cantonese_140916_361200-22 1 1.32 0.09 10
cantonese_140916_361200-22 1 1.41 0.25 30
cantonese_140916_361200-22 1 1.66 0.30 1
cantonese_140916_361200-22 1 1.96 0.07 10
cantonese_140916_361200-22 1 2.03 0.10 3
cantonese_140916_361200-22 1 2.13 0.14 10
cantonese_140916_361200-22 1 2.27 0.11 30
cantonese_140916_361200-22 1 2.38 0.07 16
cantonese_140916_361200-22 1 2.45 0.13 25
cantonese_140916_361200-22 1 2.58 0.04 7
cantonese_140916_361200-22 1 2.62 0.05 26
cantonese_140916_361200-22 1 2.67 0.05 23
cantonese_140916_361200-22 1 2.72 0.09 27
cantonese_140916_361200-22 1 2.81 0.05 7
cantonese_140916_361200-22 1 2.86 0.04 26
cantonese_140916_361200-22 1 2.90 0.06 25
cantonese_140916_361200-22 1 2.96 0.05 33
cantonese_140916_361200-22 1 3.01 0.05 32
cantonese_140916_361200-22 1 3.06 0.10 24
cantonese_140916_361200-22 1 3.16 0.03 31
cantonese_140916_361200-22 1 3.19 0.06 16
cantonese_140916_361200-22 1 3.25 0.10 21
cantonese_140916_361200-22 1 3.35 0.10 29
cantonese_140916_361200-22 1 3.45 0.14 27
cantonese_140916_361200-22 1 3.59 0.44 1
cantonese_140916_361200-22 1 4.03 0.18 10
cantonese_140916_361200-22 1 4.21 0.10 30
cantonese_140916_361200-22 1 4.31 0.05 16
cantonese_140916_361200-22 1 4.36 0.27 25
cantonese_140916_361200-22 1 4.63 0.03 1
cantonese_140916_361200-22 1 4.66 0.13 10
cantonese_140916_361200-22 1 4.79 0.08 17
cantonese_140916_361200-22 1 4.87 0.05 7
cantonese_140916_361200-22 1 4.92 0.06 29
cantonese_140916_361200-22 1 4.98 0.12 19
cantonese_140916_361200-22 1 5.10 0.26 11
cantonese_140916_361200-22 1 5.36 0.03 1
cantonese_140916_361200-22 1 5.39 0.12 15
cantonese_140916_361200-22 1 5.51 0.06 24
cantonese_140916_361200-22 1 5.57 0.06 22
cantonese_140916_361200-22 1 5.63 0.03 34
cantonese_140916_361200-22 1 5.66 0.09 9
cantonese_140916_361200-22 1 5.75 0.05 31
cantonese_140916_361200-22 1 5.80 0.08 16
cantonese_140916_361200-23 1 0.00 0.03 6
cantonese_140916_361200-23 1 0.03 0.10 11
cantonese_140916_361200-23 1 0.13 0.18 16
cantonese_140916_361200-23 1 0.31 0.11 1
cantonese_140916_361200-23 1 0.42 0.07 7
cantonese_140916_361200-23 1 0.49 0.06 11
cantonese_140916_361200-23 1 0.55 0.13 10
cantonese_140916_361200-23 1 0.68 0.14 30
cantonese_140916_361200-23 1 0.82 0.03 7
cantonese_140916_361200-23 1 0.85 0.05 26
cantonese_140916_361200-23 1 0.90 0.03 23
cantonese_140916_361200-23 1 0.93 0.03 27
cantonese_140916_361200-23 1 0.96 0.04 33
cantonese_140916_361200-23 1 1.00 0.06 32
cantonese_140916_361200-23 1 1.06 0.05 15
cantonese_140916_361200-23 1 1.11 0.04 31
cantonese_140916_361200-23 1 1.15 0.05 20
cantonese_140916_361200-23 1 1.20 0.08 33
cantonese_140916_361200-23 1 1.28 0.13 11
cantonese_140916_361200-23 1 1.41 0.18 16
cantonese_140916_361200-23 1 1.59 0.04 1
cantonese_140916_361200-23 1 1.63 0.10 10
cantonese_140916_361200-23 1 1.73 0.10 3
cantonese_140916_361200-23 1 1.83 0.12 10
cantonese_140916_361200-23 1 1.95 0.08 29
cantonese_140916_361200-23 1 2.03 0.04 12
cantonese_140916_361200-23 1 2.07 0.05 11
cantonese_140916_361200-23 1 2.12 0.11 19
cantonese_140916_361200-23 1 2.23 0.06 11
cantonese_140916_361200-23 1 2.29 0.05 13
cantonese_140916_361200-23 1 2.34 0.07 7
cantonese_140916_361200-23 1 2.41 0.07 31
cantonese_140916_361200-23 1 2.48 0.08 13
cantonese_140916_361200-23 1 2.56 0.11 1
cantonese_140916_361200-23 1 2.67 0.05 24
cantonese_140916_361200-23 1 2.72 0.03 5
cantonese_140916_361200-23 1 2.75 0.03 13
cantonese_140916_361200-23 1 2.78 0.03 7
cantonese_140916_361200-23 1 2.81 0.03 26
cantonese_140916_361200-23 1 2.84 0.09 32
cantonese_140916_361200-23 1 2.93 0.20 15
cantonese_140916_361200-23 1 3.13 0.08 19
cantonese_140916_361200-23 1 3.21 0.05 11
cantonese_140916_361200-23 1 3.26 0.05 13
cantonese_140916_361200-23 1 3.31 0.05 7
cantonese_140916_361200-23 1 3.36 0.05 31
cantonese_140916_361200-23 1 3.41 0.05 13
cantonese_140916_361200-23 1 3.46 0.08 33
cantonese_140916_361200-23 1 3.54 0.20 5
cantonese_140916_361200-23 1 3.74 0.60 1
cantonese_140916_361200-23 1 4.34 0.05 33
cantonese_140916_361200-23 1 4.39 0.04 31
cantonese_140916_361200-23 1 4.43 0.10 15
cantonese_140916_361200-23 1 4.53 0.07 33
cantonese_140916_361200-23 1 4.60 0.06 11
cantonese_140916_361200-23 1 4.66 0.05 27
cantonese_140916_361200-23 1 4.71 0.06 33
cantonese_140916_361200-23 1 4.77 0.22 29
cantonese_140916_361200-23 1 4.99 0.03 1
cantonese_140916_361200-23 1 5.02 0.03 7
cantonese_140916_361200-23 1 5.05 0.03 1
cantonese_140916_361200-23 1 5.08 0.04 26
cantonese_140916_361200-23 1 5.12 0.11 11
cantonese_140916_361200-23 1 5.23 0.03 1
cantonese_140916_361200-23 1 5.26 0.04 27
cantonese_140916_361200-23 1 5.30 0.07 21
cantonese_140916_361200-23 1 5.37 0.09 5
cantonese_140916_361200-23 1 5.46 0.39 1
cantonese_140916_361200-23 1 5.85 0.06 20
cantonese_140916_361200-23 1 5.91 0.23 1
cantonese_140916_361200-24 1 0.00 0.08 1
cantonese_140916_361200-24 1 0.08 0.11 19
cantonese_140916_361200-24 1 0.19 0.11 29
cantonese_140916_361200-24 1 0.30 0.05 7
cantonese_140916_361200-24 1 0.35 0.03 26
cantonese_140916_361200-24 1 0.38 0.25 11
cantonese_140916_361200-24 1 0.63 0.27 1
cantonese_140916_361200-24 1 0.90 0.14 21
cantonese_140916_361200-24 1 1.04 0.07 25
cantonese_140916_361200-24 1 1.11 0.09 16
cantonese_140916_361200-24 1 1.20 0.11 13
cantonese_140916_361200-24 1 1.31 0.13 4
cantonese_140916_361200-24 1 1.44 0.10 12
cantonese_140916_361200-24 1 1.54 0.05 4
cantonese_140916_361200-24 1 1.59 0.08 12
cantonese_140916_361200-24 1 1.67 0.03 31
cantonese_140916_361200-24 1 1.70 0.08 20
cantonese_140916_361200-24 1 1.78 0.07 6
cantonese_140916_361200-24 1 1.85 0.05 23
cantonese_140916_361200-24 1 1.90 0.07 16
cantonese_140916_361200-24 1 1.97 0.04 33
cantonese_140916_361200-24 1 2.01 0.05 32
cantonese_140916_361200-24 1 2.06 0.12 10
cantonese_140916_361200-24 1 2.18 0.11 30
cantonese_140916_361200-24 1 2.29 0.05 16
cantonese_140916_361200-24 1 2.34 0.30 25
cantonese_140916_361200-24 1 2.64 0.16 1
cantonese_140916_361200-24 1 2.80 0.08 10
cantonese_140916_361200-24 1 2.88 0.08 17
cantonese_140916_361200-24 1 2.96 0.06 12
cantonese_140916_361200-24 1 3.02 0.07 4
cantonese_140916_361200-24 1 3.09 0.09 10
cantonese_140916_361200-24 1 3.18 0.07 29
cantonese_140916_361200-24 1 3.25 0.05 14
cantonese_140916_361200-24 1 3.30 0.06 31
cantonese_140916_361200-24 1 3.36 0.18 27
cantonese_140916_361200-24 1 3.54 0.04 1
cantonese_140916_361200-24 1 3.58 0.05 24
cantonese_140916_361200-24 1 3.63 0.03 22
cantonese_140916_361200-24 1 3.66 0.03 34
cantonese_140916_361200-24 1 3.69 0.03 7
cantonese_140916_361200-24 1 3.72 0.05 26
cantonese_140916_361200-24 1 3.77 0.04 28
cantonese_140916_361200-24 1 3.81 0.04 27
cantonese_140916_361200-24 1 3.85 0.03 7
cantonese_140916_361200-24 1 3.88 0.05 11
cantonese_140916_361200-24 1 3.93 0.07 14
cantonese_140916_361200-24 1 4.00 0.05 5
cantonese_140916_361200-24 1 4.05 0.05 18
cantonese_140916_361200-24 1 4.10 0.10 19
cantonese_140916_361200-24 1 4.20 0.09 5
cantonese_140916_361200-24 1 4.29 0.17 18
cantonese_140916_361200-24 1 4.46 0.10 20
cantonese_140916_361200-24 1 4.56 0.04 31
cantonese_140916_361200-24 1 4.60 0.04 16
cantonese_140916_361200-24 1 4.64 0.05 14
cantonese_140916_361200-24 1 4.69 0.04 29
cantonese_140916_361200-24 1 4.73 0.03 13
cantonese_140916_361200-24 1 4.76 0.10 20
cantonese_140916_361200-24 1 4.86 0.29 17
cantonese_140916_361200-24 1 5.15 0.30 1
cantonese_140916_361200-24 1 5.45 0.08 6
cantonese_140916_361200-24 1 5.53 0.14 4
cantonese_140916_361200-24 1 5.67 0.08 13
cantonese_140916_361200-24 1 5.75 0.06 23
cantonese_140916_361200-24 1 5.81 0.03 20
cantonese_140916_361200-24 1 5.84 0.09 10
cantonese_140916_361200-24 1 5.93 0.17 3
cantonese_140916_361200-25 1 0.00 0.42 1
cantonese_140916_361200-25 1 0.42 0.14 13
cantonese_140916_361200-25 1 0.56 0.26 4
cantonese_140916_361200-25 1 0.82 0.19 1
cantonese_140916_361200-25 1 1.01 0.10 9
cantonese_140916_361200-25 1 1.11 0.04 5
cantonese_140916_361200-25 1 1.15 0.03 20
cantonese_140916_361200-25 1 1.18 0.06 33
cantonese_140916_361200-25 1 1.24 0.07 29
cantonese_140916_361200-25 1 1.31 0.06 27
cantonese_140916_361200-25 1 1.37 0.11 18
cantonese_140916_361200-25 1 1.48 0.14 5
cantonese_140916_361200-25 1 1.62 0.14 27
cantonese_140916_361200-25 1 1.76 0.25 1
cantonese_140916_361200-25 1 2.01 0.05 33
cantonese_140916_361200-25 1 2.06 0.05 23
cantonese_140916_361200-25 1 2.11 0.04 27
cantonese_140916_361200-25 1 2.15 0.07 12
cantonese_140916_361200-25 1 2.22 0.05 11
cantonese_140916_361200-25 1 2.27 0.05 18
cantonese_140916_361200-25 1 2.32 0.03 12
cantonese_140916_361200-25 1 2.35 0.08 25
cantonese_140916_361200-25 1 2.43 0.08 27
cantonese_140916_361200-25 1 2.51 0.12 19
cantonese_140916_361200-25 1 2.63 0.05 29
cantonese_140916_361200-25 1 2.68 0.04 13
cantonese_140916_361200-25 1 2.72 0.06 14
cantonese_140916_361200-25 1 2.78 0.07 25
cantonese_140916_361200-25 1 2.85 0.09 14
cantonese_140916_361200-25 1 2.94 0.05 31
cantonese_140916_361200-25 1 2.99 0.11 18
cantonese_140916_361200-25 1 3.10 0.37 1
cantonese_140916_361200-25 1 3.47 0.06 7
cantonese_140916_361200-25 1 3.53 0.08 26
cantonese_140916_361200-25 1 3.61 0.12 28
cantonese_140916_361200-25 1 3.73 0.07 27
cantonese_140916_361200-25 1 3.80 0.09 33
cantonese_140916_361200-25 1 3.89 0.33 4
cantonese_140916_361200-25 1 4.22 0.12 1
cantonese_140916_361200-25 1 4.34 0.10 9
cantonese_140916_361200-25 1 4.44 0.05 5
cantonese_140916_361200-25 1 4.49 0.03 20
cantonese_140916_361200-25 1 4.52 0.05 18
cantonese_140916_361200-25 1 4.57 0.12 17
cantonese_140916_361200-25 1 4.69 0.09 33
cantonese_140916_361200-25 1 4.78 0.27 4
cantonese_140916_361200-25 1 5.05 0.04 1
cantonese_140916_361200-25 1 5.09 0.06 20
cantonese_140916_361200-25 1 5.15 0.03 23
cantonese_140916_361200-25 1 5.18 0.03 27
cantonese_140916_361200-25 1 5.21 0.05 15
cantonese_140916_361200-25 1 5.26 0.06 3
cantonese_140916_361200-25 1 5.32 0.08 19
cantonese_140916_361200-25 1 5.40 0.05 11
cantonese_140916_361200-25 1 5.45 0.08 27
cantonese_140916_361200-25 1 5.53 0.08 19
cantonese_140916_361200-25 1 5.61 0.16 29
cantonese_140916_361200-25 1 5.77 0.08 13
cantonese_140916_361200-25 1 5.85 0.51 1
cantonese_140916_361200-25 1 6.36 0.06 7
cantonese_140916_361200-25 1 6.42 0.08 31
cantonese_140916_361200-25 1 6.50 0.04 16
cantonese_140916_361200-25 1 6.54 0.08 10
cantonese_140916_361200-25 1 6.62 0.21 3
cantonese_140916_361200-25 1 6.83 0.18 1
cantonese_140916_361200-25 1 7.01 0.05 12
cantonese_140916_361200-25 1 7.06 0.12 4
cantonese_140916_361200-25 1 7.18 0.04 1
cantonese_140916_361200-26 1 0.00 0.03 6
cantonese_140916_361200-26 1 0.03 0.04 5
cantonese_140916_361200-26 1 0.07 0.03 13
cantonese_140916_361200-26 1 0.10 0.06 9
cantonese_140916_361200-26 1 0.16 0.03 31
cantonese_140916_361200-26 1 0.19 0.03 16
cantonese_140916_361200-26 1 0.22 0.04 7
cantonese_140916_361200-26 1 0.26 0.04 26
cantonese_140916_361200-26 1 0.30 0.10 11
cantonese_140916_361200-26 1 0.40 0.09 19
cantonese_140916_361200-26 1 0.49 0.09 8
cantonese_140916_361200-26 1 0.58 0.06 1
cantonese_140916_361200-26 1 0.64 0.03 5
cantonese_140916_361200-26 1 0.67 0.03 1
cantonese_140916_361200-26 1 0.70 0.11 19
cantonese_140916_361200-26 1 0.81 0.13 5
cantonese_140916_361200-26 1 0.94 0.10 15
cantonese_140916_361200-26 1 1.04 0.19 1
cantonese_140916_361200-26 1 1.23 0.05 15
cantonese_140916_361200-26 1 1.28 0.09 5
cantonese_140916_361200-26 1 1.37 0.32 1
cantonese_140916_361200-26 1 1.69 0.14 16
cantonese_140916_361200-26 1 1.83 0.14 10
cantonese_140916_361200-26 1 1.97 0.13 30
cantonese_140916_361200-26 1 2.10 0.05 33
cantonese_140916_361200-26 1 2.15 0.06 32
cantonese_140916_361200-26 1 2.21 0.11 10
cantonese_140916_361200-26 1 2.32 0.11 30
cantonese_140916_361200-26 1 2.43 0.06 16
cantonese_140916_361200-26 1 2.49 0.15 25
cantonese_140916_361200-26 1 2.64 0.10 33
cantonese_140916_361200-26 1 2.74 0.05 32
cantonese_140916_361200-26 1 2.79 0.11 24
cantonese_140916_361200-26 1 2.90 0.12 3
cantonese_140916_361200-26 1 3.02 0.08 6
cantonese_140916_361200-26 1 3.10 0.27 17
cantonese_140916_361200-26 1 3.37 0.22 1
cantonese_140916_361200-26 1 3.59 0.03 18
cantonese_140916_361200-26 1 3.62 0.07 8
cantonese_140916_361200-26 1 3.69 0.07 12
cantonese_140916_361200-26 1 3.76 0.05 31
cantonese_140916_361200-26 1 3.81 0.05 16
cantonese_140916_361200-26 1 3.86 0.05 24
cantonese_140916_361200-26 1 3.91 0.05 31
cantonese_140916_361200-26 1 3.96 0.06 16
cantonese_140916_361200-26 1 4.02 0.10 21
cantonese_140916_361200-26 1 4.12 0.07 28
cantonese_140916_361200-26 1 4.19 0.12 20
cantonese_140916_361200-26 1 4.31 0.04 1
cantonese_140916_361200-26 1 4.35 0.15 10
cantonese_140916_361200-26 1 4.50 0.04 31
cantonese_140916_361200-26 1 4.54 0.05 15
cantonese_140916_361200-26 1 4.59 0.08 12
cantonese_140916_361200-26 1 4.67 0.10 4
cantonese_140916_361200-26 1 4.77 0.11 19
cantonese_140916_361200-26 1 4.88 0.13 17
cantonese_140916_361200-26 1 5.01 0.08 33
cantonese_140916_361200-26 1 5.09 0.10 4
cantonese_140916_361200-26 1 5.19 0.08 15
cantonese_140916_361200-26 1 5.27 0.03 31
cantonese_140916_361200-26 1 5.30 0.03 20
cantonese_140916_361200-26 1 5.33 0.05 7
cantonese_140916_361200-26 1 5.38 0.06 26
cantonese_140916_361200-26 1 5.44 0.05 31
cantonese_140916_361200-26 1 5.49 0.16 20
cantonese_140916_361200-26 1 5.65 0.49 1
cantonese_140916_361200-26 1 6.14 0.07 12
cantonese_140916_361200-26 1 6.21 0.03 25
cantonese_140916_361200-27 1 0.00 0.03 12
cantonese_140916_361200-27 1 0.03 0.03 25
cantonese_140916_361200-27 1 0.06 0.04 33
cantonese_140916_361200-27 1 0.10 0.26 29
cantonese_140916_361200-27 1 0.36 0.03 1
cantonese_140916_361200-27 1 0.39 0.11 19
cantonese_140916_361200-27 1 0.50 0.04 29
cantonese_140916_361200-27 1 0.54 0.03 13
cantonese_140916_361200-27 1 0.57 0.04 14
cantonese_140916_361200-27 1 0.61 0.09 25
cantonese_140916_361200-27 1 0.70 0.03 7
cantonese_140916_361200-27 1 0.73 0.04 26
cantonese_140916_361200-27 1 0.77 0.10 3
cantonese_140916_361200-27 1 0.87 0.09 6
cantonese_140916_361200-27 1 0.96 0.08 31
cantonese_140916_361200-27 1 1.04 0.26 16
cantonese_140916_361200-27 1 1.30 0.03 1
cantonese_140916_361200-27 1 1.33 0.12 12
cantonese_140916_361200-27 1 1.45 0.09 11
cantonese_140916_361200-27 1 1.54 0.10 33
cantonese_140916_361200-27 1 1.64 0.17 23
cantonese_140916_361200-27 1 1.81 0.06 7
cantonese_140916_361200-27 1 1.87 0.04 11
cantonese_140916_361200-27 1 1.91 0.05 27
cantonese_140916_361200-27 1 1.96 0.05 33
cantonese_140916_361200-27 1 2.01 0.07 32
cantonese_140916_361200-27 1 2.08 0.09 6
cantonese_140916_361200-27 1 2.17 0.09 17
cantonese_140916_361200-27 1 2.26 0.12 9
cantonese_140916_361200-27 1 2.38 0.06 31
cantonese_140916_361200-27 1 2.44 0.12 20
cantonese_140916_361200-27 1 2.56 0.10 1
cantonese_140916_361200-27 1 2.66 0.08 33
cantonese_140916_361200-27 1 2.74 0.15 3
cantonese_140916_361200-27 1 2.89 0.05 7
cantonese_140916_361200-27 1 2.94 0.05 26
cantonese_140916_361200-27 1 2.99 0.05 23
cantonese_140916_361200-27 1 3.04 0.06 13
cantonese_140916_361200-27 1 3.10 0.04 7
cantonese_140916_361200-27 1 3.14 0.05 26
cantonese_140916_361200-27 1 3.19 0.05 31
cantonese_140916_361200-27 1 3.24 0.10 27
cantonese_140916_361200-27 1 3.34 0.04 7
cantonese_140916_361200-27 1 3.38 0.05 26
cantonese_140916_361200-27 1 3.43 0.08 28
cantonese_140916_361200-27 1 3.51 0.05 27
cantonese_140916_361200-27 1 3.56 0.06 14
cantonese_140916_361200-27 1 3.62 0.04 29
cantonese_140916_361200-27 1 3.66 0.06 13
cantonese_140916_361200-27 1 3.72 0.03 10
cantonese_140916_361200-27 1 3.75 0.04 28
cantonese_140916_361200-27 1 3.79 0.04 25
cantonese_140916_361200-27 1 3.83 0.04 33
cantonese_140916_361200-27 1 3.87 0.04 32
cantonese_140916_361200-27 1 3.91 0.12 24
cantonese_140916_361200-27 1 4.03 0.24 5
cantonese_140916_361200-27 1 4.27 0.43 1
cantonese_140916_361200-27 1 4.70 0.05 33
cantonese_140916_361200-27 1 4.75 0.06 31
cantonese_140916_361200-27 1 4.81 0.06 15
cantonese_140916_361200-27 1 4.87 0.06 12
cantonese_140916_361200-27 1 4.93 0.08 25
cantonese_140916_361200-27 1 5.01 0.04 14
cantonese_140916_361200-27 1 5.05 0.13 25
cantonese_140916_361200-27 1 5.18 0.07 7
cantonese_140916_361200-27 1 5.25 0.07 17
cantonese_140916_361200-27 1 5.32 0.03 7
cantonese_140916_361200-27 1 5.35 0.05 26
cantonese_140916_361200-27 1 5.40 0.18 29
cantonese_140916_361200-27 1 5.58 0.17 12
cantonese_140916_361200-27 1 5.75 0.04 11
cantonese_140916_361200-27 1 5.79 0.05 14
cantonese_140916_361200-27 1 5.84 0.06 32
cantonese_140916_361200-27 1 5.90 0.07 27
cantonese_140916_361200-28 1 0.00 0.08 1
cantonese_140916_361200-28 1 0.08 0.16 15
cantonese_140916_361200-28 1 0.24 0.04 14
cantonese_140916_361200-28 1 0.28 0.05 32
cantonese_140916_361200-28 1 0.33 0.07 27
cantonese_140916_361200-28 1 0.40 0.04 14
cantonese_140916_361200-28 1 0.44 0.12 11
cantonese_140916_361200-28 1 0.56 0.24 16
cantonese_140916_361200-28 1 0.80 0.03 1
cantonese_140916_361200-28 1 0.83 0.15 21
cantonese_140916_361200-28 1 0.98 0.06 25
cantonese_140916_361200-28 1 1.04 0.10 16
cantonese_140916_361200-28 1 1.14 0.13 13
cantonese_140916_361200-28 1 1.27 0.13 4
cantonese_140916_361200-28 1 1.40 0.12 19
cantonese_140916_361200-28 1 1.52 0.13 29
cantonese_140916_361200-28 1 1.65 0.07 12
cantonese_140916_361200-28 1 1.72 0.09 4
cantonese_140916_361200-28 1 1.81 0.16 10
cantonese_140916_361200-28 1 1.97 0.11 30
cantonese_140916_361200-28 1 2.08 0.06 16
cantonese_140916_361200-28 1 2.14 0.08 25
cantonese_140916_361200-28 1 2.22 0.06 33
cantonese_140916_361200-28 1 2.28 0.06 32
cantonese_140916_361200-28 1 2.34 0.08 6
cantonese_140916_361200-28 1 2.42 0.05 31
cantonese_140916_361200-28 1 2.47 0.07 16
cantonese_140916_361200-28 1 2.54 0.03 7
cantonese_140916_361200-28 1 2.57 0.04 26
cantonese_140916_361200-28 1 2.61 0.05 23
cantonese_140916_361200-28 1 2.66 0.06 27
cantonese_140916_361200-28 1 2.72 0.04 7
cantonese_140916_361200-28 1 2.76 0.04 26
cantonese_140916_361200-28 1 2.80 0.07 11
cantonese_140916_361200-28 1 2.87 0.03 7
cantonese_140916_361200-28 1 2.90 0.05 26
cantonese_140916_361200-28 1 2.95 0.05 23
cantonese_140916_361200-28 1 3.00 0.16 27
cantonese_140916_361200-28 1 3.16 0.31 1
cantonese_140916_361200-28 1 3.47 0.06 12
cantonese_140916_361200-28 1 3.53 0.09 4
cantonese_140916_361200-28 1 3.62 0.09 33
cantonese_140916_361200-28 1 3.71 0.14 4
cantonese_140916_361200-28 1 3.85 0.08 19
cantonese_140916_361200-28 1 3.93 0.06 11
cantonese_140916_361200-28 1 3.99 0.09 27
cantonese_140916_361200-28 1 4.08 0.08 1
cantonese_140916_361200-28 1 4.16 0.09 15
cantonese_140916_361200-28 1 4.25 0.04 33
cantonese_140916_361200-28 1 4.29 0.05 32
cantonese_140916_361200-28 1 4.34 0.07 6
cantonese_140916_361200-28 1 4.41 0.05 31
cantonese_140916_361200-28 1 4.46 0.07 16
cantonese_140916_361200-28 1 4.53 0.03 7
cantonese_140916_361200-28 1 4.56 0.05 26
cantonese_140916_361200-28 1 4.61 0.07 23
cantonese_140916_361200-28 1 4.68 0.16 27
cantonese_140916_361200-28 1 4.84 0.04 1
cantonese_140916_361200-28 1 4.88 0.18 7
cantonese_140916_361200-28 1 5.06 0.05 26
cantonese_140916_361200-28 1 5.11 0.03 28
cantonese_140916_361200-28 1 5.14 0.03 27
cantonese_140916_361200-28 1 5.17 0.03 24
cantonese_140916_361200-28 1 5.20 0.04 22
cantonese_140916_361200-28 1 5.24 0.03 34
cantonese_140916_361200-28 1 5.27 0.11 20
cantonese_140916_361200-28 1 5.38 0.05 31
cantonese_140916_361200-28 1 5.43 0.09 16
cantonese_140916_361200-28 1 5.52 0.07 33
cantonese_140916_361200-28 1 5.59 0.17 29
cantonese_140916_361200-29 1 0.00 0.13 1
cantonese_140916_361200-29 1 0.13 0.09 6
cantonese_140916_361200-29 1 0.22 0.10 25
cantonese_140916_361200-29 1 0.32 0.09 19
cantonese_140916_361200-29 1 0.41 0.28 11
cantonese_140916_361200-29 1 0.69 0.29 1
cantonese_140916_361200-29 1 0.98 0.09 13
cantonese_140916_361200-29 1 1.07 0.05 28
cantonese_140916_361200-29 1 1.12 0.04 25
cantonese_140916_361200-29 1 1.16 0.04 7
cantonese_140916_361200-29 1 1.20 0.31 8
cantonese_140916_361200-29 1 1.51 0.03 1
cantonese_140916_361200-29 1 1.54 0.06 12
cantonese_140916_361200-29 1 1.60 0.08 25
cantonese_140916_361200-29 1 1.68 0.05 33
cantonese_140916_361200-29 1 1.73 0.06 29
cantonese_140916_361200-29 1 1.79 0.06 14
cantonese_140916_361200-29 1 1.85 0.05 31
cantonese_140916_361200-29 1 1.90 0.04 27
cantonese_140916_361200-29 1 1.94 0.07 13
cantonese_140916_361200-29 1 2.01 0.07 4
cantonese_140916_361200-29 1 2.08 0.07 24
cantonese_140916_361200-29 1 2.15 0.05 31
cantonese_140916_361200-29 1 2.20 0.06 16
cantonese_140916_361200-29 1 2.26 0.11 21
cantonese_140916_361200-29 1 2.37 0.09 28
cantonese_140916_361200-29 1 2.46 0.12 20
cantonese_140916_361200-29 1 2.58 0.10 1
cantonese_140916_361200-29 1 2.68 0.06 14
cantonese_140916_361200-29 1 2.74 0.07 32
cantonese_140916_361200-29 1 2.81 0.05 7
cantonese_140916_361200-29 1 2.86 0.08 11
cantonese_140916_361200-29 1 2.94 0.07 14
cantonese_140916_361200-29 1 3.01 0.06 5
cantonese_140916_361200-29 1 3.07 0.04 18
cantonese_140916_361200-29 1 3.11 0.13 19
cantonese_140916_361200-29 1 3.24 0.05 5
cantonese_140916_361200-29 1 3.29 0.07 18
cantonese_140916_361200-29 1 3.36 0.03 33
cantonese_140916_361200-29 1 3.39 0.07 32
cantonese_140916_361200-29 1 3.46 0.03 12
cantonese_140916_361200-29 1 3.49 0.04 1
cantonese_140916_361200-29 1 3.53 0.10 25
cantonese_140916_361200-29 1 3.63 0.07 16
cantonese_140916_361200-29 1 3.70 0.12 20
cantonese_140916_361200-29 1 3.82 0.30 4
cantonese_140916_361200-29 1 4.12 0.12 1
cantonese_140916_361200-29 1 4.24 0.05 20
cantonese_140916_361200-29 1 4.29 0.04 23
cantonese_140916_361200-29 1 4.33 0.03 27
cantonese_140916_361200-29 1 4.36 0.05 15
cantonese_140916_361200-29 1 4.41 0.07 3
cantonese_140916_361200-29 1 4.48 0.10 6
cantonese_140916_361200-29 1 4.58 0.05 11
cantonese_140916_361200-29 1 4.63 0.03 16
cantonese_140916_361200-29 1 4.66 0.03 12
cantonese_140916_361200-29 1 4.69 0.04 31
cantonese_140916_361200-29 1 4.73 0.06 20
cantonese_140916_361200-29 1 4.79 0.06 7
cantonese_140916_361200-29 1 4.85 0.13 17
cantonese_140916_361200-29 1 4.98 0.09 10
cantonese_140916_361200-29 1 5.07 0.06 3
cantonese_140916_361200-29 1 5.13 0.08 24
cantonese_140916_361200-29 1 5.21 0.04 31
cantonese_140916_361200-29 1 5.25 0.07 16
cantonese_140916_361200-29 1 5.32 0.14 21
cantonese_140916_361200-29 1 5.46 0.05 29
cantonese_140916_361200-29 1 5.51 0.04 27
cantonese_140916_361200-29 1 5.55 0.04 33
cantonese_140916_361200-29 1 5.59 0.04 32
cantonese_140916_361200-29 1 5.63 0.16 24
cantonese_140916_361200-29 1 5.79 0.18 5
cantonese_140916_361200-29 1 5.97 0.03 1
cantonese_140916_361200-29 1 6.00 0.03 33
cantonese_140916_361200-29 1 6.03 0.20 1
cantonese_140916_361200-29 1 6.23 0.03 31
cantonese_140916_361200-29 1 6.26 0.11 1
cantonese_140916_361200-29 1 6.37 0.03 15
cantonese_140916_361200-10 1 0.00 0.25 1
cantonese_140916_361200-10 1 0.25 0.18 15
cantonese_140916_361200-10 1 0.43 0.04 10
cantonese_140916_361200-10 1 0.47 0.07 3
cantonese_140916_361200-10 1 0.54 0.06 10
cantonese_140916_361200-10 1 0.60 0.09 3
cantonese_140916_361200-10 1 0.69 0.10 33
cantonese_140916_361200-10 1 0.79 0.05 23
cantonese_140916_361200-10 1 0.84 0.08 27
cantonese_140916_361200-10 1 0.92 0.07 10
cantonese_140916_361200-10 1 0.99 0.10 30
cantonese_140916_361200-10 1 1.09 0.03 7
cantonese_140916_361200-10 1 1.12 0.06 26
cantonese_140916_361200-10 1 1.18 0.06 23
cantonese_140916_361200-10 1 1.24 0.13 27
cantonese_140916_361200-10 1 1.37 0.39 1
cantonese_140916_361200-10 1 1.76 0.09 12
cantonese_140916_361200-10 1 1.85 0.07 11
cantonese_140916_361200-10 1 1.92 0.03 10
cantonese_140916_361200-10 1 1.95 0.05 3
cantonese_140916_361200-10 1 2.00 0.09 10
cantonese_140916_361200-10 1 2.09 0.12 3
cantonese_140916_361200-10 1 2.21 0.03 1
cantonese_140916_361200-10 1 2.24 0.22 17
cantonese_140916_361200-10 1 2.46 0.05 7
cantonese_140916_361200-10 1 2.51 0.06 26
cantonese_140916_361200-10 1 2.57 0.09 4
cantonese_140916_361200-10 1 2.66 0.05 33
cantonese_140916_361200-10 1 2.71 0.05 32
cantonese_140916_361200-10 1 2.76 0.10 19
cantonese_140916_361200-10 1 2.86 0.07 28
cantonese_140916_361200-10 1 2.93 0.03 25
cantonese_140916_361200-10 1 2.96 0.05 24
cantonese_140916_361200-10 1 3.01 0.05 11
cantonese_140916_361200-10 1 3.06 0.05 13
cantonese_140916_361200-10 1 3.11 0.05 14
cantonese_140916_361200-10 1 3.16 0.04 28
cantonese_140916_361200-10 1 3.20 0.05 25
cantonese_140916_361200-10 1 3.25 0.05 15
cantonese_140916_361200-10 1 3.30 0.11 11
cantonese_140916_361200-10 1 3.41 0.28 16
cantonese_140916_361200-10 1 3.69 0.21 1
cantonese_140916_361200-10 1 3.90 0.04 6
cantonese_140916_361200-10 1 3.94 0.06 11
cantonese_140916_361200-10 1 4.00 0.05 27
cantonese_140916_361200-10 1 4.05 0.09 21
cantonese_140916_361200-10 1 4.14 0.09 32
cantonese_140916_361200-10 1 4.23 0.09 12
cantonese_140916_361200-10 1 4.32 0.14 11
cantonese_140916_361200-10 1 4.46 0.12 19
cantonese_140916_361200-10 1 4.58 0.05 11
cantonese_140916_361200-10 1 4.63 0.10 27
cantonese_140916_361200-10 1 4.73 0.09 19
cantonese_140916_361200-10 1 4.82 0.14 11
cantonese_140916_361200-10 1 4.96 0.15 9
cantonese_140916_361200-10 1 5.11 0.09 23
cantonese_140916_361200-10 1 5.20 0.07 33
cantonese_140916_361200-10 1 5.27 0.04 31
cantonese_140916_361200-10 1 5.31 0.05 16
cantonese_140916_361200-10 1 5.36 0.05 33
cantonese_140916_361200-10 1 5.41 0.06 32
cantonese_140916_361200-10 1 5.47 0.11 10
cantonese_140916_361200-10 1 5.58 0.12 30
cantonese_140916_361200-10 1 5.70 0.06 24
cantonese_140916_361200-10 1 5.76 0.07 11
cantonese_140916_361200-10 1 5.83 0.08 13
cantonese_140916_361200-10 1 5.91 0.06 7
cantonese_140916_361200-10 1 5.97 0.04 26
cantonese_140916_361200-10 1 6.01 0.03 4
cantonese_140916_361200-11 1 0.00 0.12 33
cantonese_140916_361200-11 1 0.12 0.04 31
cantonese_140916_361200-11 1 0.16 0.05 27
cantonese_140916_361200-11 1 0.21 0.08 24
cantonese_140916_361200-11 1 0.29 0.09 3
cantonese_140916_361200-11 1 0.38 0.04 7
cantonese_140916_361200-11 1 0.42 0.06 26
cantonese_140916_361200-11 1 0.48 0.05 5
cantonese_140916_361200-11 1 0.53 0.06 18
cantonese_140916_361200-11 1 0.59 0.03 7
cantonese_140916_361200-11 1 0.62 0.07 26
cantonese_140916_361200-11 1 0.69 0.05 23
cantonese_140916_361200-11 1 0.74 0.15 27
cantonese_140916_361200-11 1 0.89 0.79 1
cantonese_140916_361200-11 1 1.68 0.05 14
cantonese_140916_361200-11 1 1.73 0.10 5
cantonese_140916_361200-11 1 1.83 0.15 15
cantonese_140916_361200-11 1 1.98 0.03 1
cantonese_140916_361200-11 1 2.01 0.06 20
cantonese_140916_361200-11 1 2.07 0.03 23
cantonese_140916_361200-11 1 2.10 0.04 27
cantonese_140916_361200-11 1 2.14 0.03 33
cantonese_140916_361200-11 1 2.17 0.05 32
cantonese_140916_361200-11 1 2.22 0.10 19
cantonese_140916_361200-11 1 2.32 0.06 28
cantonese_140916_361200-11 1 2.38 0.05 25
cantonese_140916_361200-11 1 2.43 0.08 24
cantonese_140916_361200-11 1 2.51 0.08 11
cantonese_140916_361200-11 1 2.59 0.08 13
cantonese_140916_361200-11 1 2.67 0.12 1
cantonese_140916_361200-11 1 2.79 0.11 19
cantonese_140916_361200-11 1 2.90 0.12 17
cantonese_140916_361200-11 1 3.02 0.08 33
cantonese_140916_361200-11 1 3.10 0.09 4
cantonese_140916_361200-11 1 3.19 0.07 14
cantonese_140916_361200-11 1 3.26 0.06 5
cantonese_140916_361200-11 1 3.32 0.05 18
cantonese_140916_361200-11 1 3.37 0.11 19
cantonese_140916_361200-11 1 3.48 0.03 5
cantonese_140916_361200-11 1 3.51 0.05 18
cantonese_140916_361200-11 1 3.56 0.05 33
cantonese_140916_361200-11 1 3.61 0.07 32
cantonese_140916_361200-11 1 3.68 0.06 15
cantonese_140916_361200-11 1 3.74 0.03 31
cantonese_140916_361200-11 1 3.77 0.04 20
cantonese_140916_361200-11 1 3.81 0.04 7
cantonese_140916_361200-11 1 3.85 0.05 1
cantonese_140916_361200-11 1 3.90 0.26 17
cantonese_140916_361200-11 1 4.16 0.04 1
cantonese_140916_361200-11 1 4.20 0.05 12
cantonese_140916_361200-11 1 4.25 0.07 4
cantonese_140916_361200-11 1 4.32 0.09 19
cantonese_140916_361200-11 1 4.41 0.09 29
cantonese_140916_361200-11 1 4.50 0.07 6
cantonese_140916_361200-11 1 4.57 0.03 31
cantonese_140916_361200-11 1 4.60 0.05 20
cantonese_140916_361200-11 1 4.65 0.07 20
cantonese_140916_361200-11 1 4.72 0.10 23
cantonese_140916_361200-11 1 4.82 0.15 27
cantonese_140916_361200-11 1 4.97 0.14 1
cantonese_140916_361200-11 1 5.11 0.03 12
cantonese_140916_361200-11 1 5.14 0.32 1
cantonese_140916_361200-11 1 5.46 0.03 31
cantonese_140916_361200-11 1 5.49 0.03 20
cantonese_140916_361200-11 1 5.52 0.03 7
cantonese_140916_361200-11 1 5.55 0.04 11
cantonese_140916_361200-11 1 5.59 0.11 19
cantonese_140916_361200-11 1 5.70 0.07 28
cantonese_140916_361200-11 1 5.77 0.05 27
cantonese_140916_361200-11 1 5.82 0.04 7
cantonese_140916_361200-11 1 5.86 0.06 28
cantonese_140916_361200-11 1 5.92 0.05 25
cantonese_140916_361200-11 1 5.97 0.07 33
cantonese_140916_361200-11 1 6.04 0.14 4
cantonese_140916_361200-11 1 6.18 0.11 33
cantonese_140916_361200-11 1 6.29 0.12 29
cantonese_140916_361200-11 1 6.41 0.08 16
cantonese_140916_361200-11 1 6.49 0.06 1
cantonese_140916_361200-12 1 0.00 0.03 7
cantonese_140916_361200-12 1 0.03 0.03 26
cantonese_140916_361200-12 1 0.06 0.03 11
cantonese_140916_361200-12 1 0.09 0.03 27
cantonese_140916_361200-12 1 0.12 0.03 33
cantonese_140916_361200-12 1 0.15 0.04 32
cantonese_140916_361200-12 1 0.19 0.08 19
cantonese_140916_361200-12 1 0.27 0.06 28
cantonese_140916_361200-12 1 0.33 0.03 25
cantonese_140916_361200-12 1 0.36 0.09 24
cantonese_140916_361200-12 1 0.45 0.08 11
cantonese_140916_361200-12 1 0.53 0.06 13
cantonese_140916_361200-12 1 0.59 0.32 1
cantonese_140916_361200-12 1 0.91 0.04 15
cantonese_140916_361200-12 1 0.95 0.06 22
cantonese_140916_361200-12 1 1.01 0.03 34
cantonese_140916_361200-12 1 1.04 0.05 12
cantonese_140916_361200-12 1 1.09 0.03 31
cantonese_140916_361200-12 1 1.12 0.05 20
cantonese_140916_361200-12 1 1.17 0.03 18
cantonese_140916_361200-12 1 1.20 0.05 1
cantonese_140916_361200-12 1 1.25 0.06 11
cantonese_140916_361200-12 1 1.31 0.08 27
cantonese_140916_361200-12 1 1.39 0.11 9
cantonese_140916_361200-12 1 1.50 0.05 29
cantonese_140916_361200-12 1 1.55 0.06 27
cantonese_140916_361200-12 1 1.61 0.06 33
cantonese_140916_361200-12 1 1.67 0.06 23
cantonese_140916_361200-12 1 1.73 0.08 27
cantonese_140916_361200-12 1 1.81 0.05 14
cantonese_140916_361200-12 1 1.86 0.28 8
cantonese_140916_361200-12 1 2.14 0.07 1
cantonese_140916_361200-12 1 2.21 0.05 12
cantonese_140916_361200-12 1 2.26 0.09 4
cantonese_140916_361200-12 1 2.35 0.08 33
cantonese_140916_361200-12 1 2.43 0.15 8
cantonese_140916_361200-12 1 2.58 0.11 21
cantonese_140916_361200-12 1 2.69 0.05 11
cantonese_140916_361200-12 1 2.74 0.07 16
cantonese_140916_361200-12 1 2.81 0.07 33
cantonese_140916_361200-12 1 2.88 0.08 11
cantonese_140916_361200-12 1 2.96 0.05 16
cantonese_140916_361200-12 1 3.01 0.10 19
cantonese_140916_361200-12 1 3.11 0.11 17
cantonese_140916_361200-12 1 3.22 0.06 33
cantonese_140916_361200-12 1 3.28 0.11 4
cantonese_140916_361200-12 1 3.39 0.06 14
cantonese_140916_361200-12 1 3.45 0.05 5
cantonese_140916_361200-12 1 3.50 0.04 18
cantonese_140916_361200-12 1 3.54 0.10 19
cantonese_140916_361200-12 1 3.64 0.12 5
cantonese_140916_361200-12 1 3.76 0.08 18
cantonese_140916_361200-12 1 3.84 0.48 1
cantonese_140916_361200-12 1 4.32 0.07 7
cantonese_140916_361200-12 1 4.39 0.05 31
cantonese_140916_361200-12 1 4.44 0.04 16
cantonese_140916_361200-12 1 4.48 0.06 10
cantonese_140916_361200-12 1 4.54 0.18 3
cantonese_140916_361200-12 1 4.72 0.22 1
cantonese_140916_361200-12 1 4.94 0.04 24
cantonese_140916_361200-12 1 4.98 0.10 23
cantonese_140916_361200-12 1 5.08 0.08 12
cantonese_140916_361200-12 1 5.16 0.05 11
cantonese_140916_361200-12 1 5.21 0.06 15
cantonese_140916_361200-12 1 5.27 0.12 21
cantonese_140916_361200-12 1 5.39 0.04 11
cantonese_140916_361200-12 1 5.43 0.12 27
cantonese_140916_361200-12 1 5.55 0.05 7
cantonese_140916_361200-12 1 5.60 0.15 17
cantonese_140916_361200-12 1 5.75 0.07 12
cantonese_140916_361200-12 1 5.82 0.06 11
cantonese_140916_361200-12 1 5.88 0.09 15
cantonese_140916_361200-12 1 5.97 0.04 7
cantonese_140916_361200-12 1 6.01 0.03 26
cantonese_140916_361200-12 1 6.04 0.03 23
cantonese_140916_361200-12 1 6.07 0.03 27
cantonese_140916_361200-2 1 0.00 0.15 1
cantonese_140916_361200-2 1 0.15 0.05 7
cantonese_140916_361200-2 1 0.20 0.07 28
cantonese_140916_361200-2 1 0.27 0.03 25
cantonese_140916_361200-2 1 0.30 0.03 1
cantonese_140916_361200-2 1 0.33 0.14 17
cantonese_140916_361200-2 1 0.47 0.04 7
cantonese_140916_361200-2 1 0.51 0.06 26
cantonese_140916_361200-2 1 0.57 0.12 4
cantonese_140916_361200-2 1 0.69 0.10 12
cantonese_140916_361200-2 1 0.79 0.06 25
cantonese_140916_361200-2 1 0.85 0.07 16
cantonese_140916_361200-2 1 0.92 0.10 10
cantonese_140916_361200-2 1 1.02 0.07 30
cantonese_140916_361200-2 1 1.09 0.04 33
cantonese_140916_361200-2 1 1.13 0.06 32
cantonese_140916_361200-2 1 1.19 0.13 24
cantonese_140916_361200-2 1 1.32 0.09 23
cantonese_140916_361200-2 1 1.41 0.10 12
cantonese_140916_361200-2 1 1.51 0.08 11
cantonese_140916_361200-2 1 1.59 0.11 15
cantonese_140916_361200-2 1 1.70 0.08 1
cantonese_140916_361200-2 1 1.78 0.04 12
cantonese_140916_361200-2 1 1.82 0.08 4
cantonese_140916_361200-2 1 1.90 0.11 33
cantonese_140916_361200-2 1 2.01 0.05 31
cantonese_140916_361200-2 1 2.06 0.11 27
cantonese_140916_361200-2 1 2.17 0.12 19
cantonese_140916_361200-2 1 2.29 0.05 31
cantonese_140916_361200-2 1 2.34 0.05 15
cantonese_140916_361200-2 1 2.39 0.05 33
cantonese_140916_361200-2 1 2.44 0.04 32
cantonese_140916_361200-2 1 2.48 0.05 12
cantonese_140916_361200-2 1 2.53 0.06 11
cantonese_140916_361200-2 1 2.59 0.05 27
cantonese_140916_361200-2 1 2.64 0.09 19
cantonese_140916_361200-2 1 2.73 0.11 11
cantonese_140916_361200-2 1 2.84 0.08 13
cantonese_140916_361200-2 1 2.92 0.64 1
cantonese_140916_361200-2 1 3.56 0.04 33
cantonese_140916_361200-2 1 3.60 0.07 31
cantonese_140916_361200-2 1 3.67 0.13 15
cantonese_140916_361200-2 1 3.80 0.04 12
cantonese_140916_361200-2 1 3.84 0.06 23
cantonese_140916_361200-2 1 3.90 0.09 13
cantonese_140916_361200-2 1 3.99 0.03 27
cantonese_140916_361200-2 1 4.02 0.07 5
cantonese_140916_361200-2 1 4.09 0.06 16
cantonese_140916_361200-2 1 4.15 0.09 20
cantonese_140916_361200-2 1 4.24 0.05 3
cantonese_140916_361200-2 1 4.29 0.04 7
cantonese_140916_361200-2 1 4.33 0.04 31
cantonese_140916_361200-2 1 4.37 0.04 13
cantonese_140916_361200-2 1 4.41 0.06 33
cantonese_140916_361200-2 1 4.47 0.10 11
cantonese_140916_361200-2 1 4.57 0.06 16
cantonese_140916_361200-2 1 4.63 0.03 33
cantonese_140916_361200-2 1 4.66 0.13 32
cantonese_140916_361200-2 1 4.79 0.11 10
cantonese_140916_361200-2 1 4.90 0.11 30
cantonese_140916_361200-2 1 5.01 0.11 19
cantonese_140916_361200-2 1 5.12 0.06 28
cantonese_140916_361200-2 1 5.18 0.04 25
cantonese_140916_361200-2 1 5.22 0.13 24
cantonese_140916_361200-2 1 5.35 0.05 23
cantonese_140916_361200-2 1 5.40 0.06 12
cantonese_140916_361200-2 1 5.46 0.04 11
cantonese_140916_361200-2 1 5.50 0.06 15
cantonese_140916_361200-2 1 5.56 0.07 15
cantonese_140916_361200-2 1 5.63 0.05 31
cantonese_140916_361200-2 1 5.68 0.08 20
cantonese_140916_361200-2 1 5.76 0.07 1
cantonese_140916_361200-2 1 5.83 0.05 12
cantonese_140916_361200-2 1 5.88 0.06 4
cantonese_140916_361200-2 1 5.94 0.09 6
cantonese_140916_361200-2 1 6.03 0.04 11
cantonese_140916_361200-2 1 6.07 0.03 16
cantonese_140916_361200-3 1 0.00 0.03 14
cantonese_140916_361200-3 1 0.03 0.03 32
cantonese_140916_361200-3 1 0.06 0.06 7
cantonese_140916_361200-3 1 0.12 0.07 11
cantonese_140916_361200-3 1 0.19 0.04 14
cantonese_140916_361200-3 1 0.23 0.13 32
cantonese_140916_361200-3 1 0.36 0.55 1
cantonese_140916_361200-3 1 0.91 0.04 14
cantonese_140916_361200-3 1 0.95 0.03 5
cantonese_140916_361200-3 1 0.98 0.03 1
cantonese_140916_361200-3 1 1.01 0.06 13
cantonese_140916_361200-3 1 1.07 0.07 8
cantonese_140916_361200-3 1 1.14 0.11 19
cantonese_140916_361200-3 1 1.25 0.06 31
cantonese_140916_361200-3 1 1.31 0.11 20
cantonese_140916_361200-3 1 1.42 0.05 1
cantonese_140916_361200-3 1 1.47 0.05 14
cantonese_140916_361200-3 1 1.52 0.07 5
cantonese_140916_361200-3 1 1.59 0.04 18
cantonese_140916_361200-3 1 1.63 0.11 19
cantonese_140916_361200-3 1 1.74 0.05 5
cantonese_140916_361200-3 1 1.79 0.03 18
cantonese_140916_361200-3 1 1.82 0.06 12
cantonese_140916_361200-3 1 1.88 0.05 4
cantonese_140916_361200-3 1 1.93 0.07 10
cantonese_140916_361200-3 1 2.00 0.11 17
cantonese_140916_361200-3 1 2.11 0.06 7
cantonese_140916_361200-3 1 2.17 0.13 29
cantonese_140916_361200-3 1 2.30 0.07 33
cantonese_140916_361200-3 1 2.37 0.20 5
cantonese_140916_361200-3 1 2.57 0.24 1
cantonese_140916_361200-3 1 2.81 0.14 19
cantonese_140916_361200-3 1 2.95 0.14 28
cantonese_140916_361200-3 1 3.09 0.06 27
cantonese_140916_361200-3 1 3.15 0.06 33
cantonese_140916_361200-3 1 3.21 0.10 11
cantonese_140916_361200-3 1 3.31 0.06 16
cantonese_140916_361200-3 1 3.37 0.05 33
cantonese_140916_361200-3 1 3.42 0.09 32
cantonese_140916_361200-3 1 3.51 0.09 12
cantonese_140916_361200-3 1 3.60 0.06 4
cantonese_140916_361200-3 1 3.66 0.13 6
cantonese_140916_361200-3 1 3.79 0.14 29
cantonese_140916_361200-3 1 3.93 0.06 14
cantonese_140916_361200-3 1 3.99 0.21 8
cantonese_140916_361200-3 1 4.20 0.37 1
cantonese_140916_361200-3 1 4.57 0.07 33
cantonese_140916_361200-3 1 4.64 0.19 4
cantonese_140916_361200-3 1 4.83 0.05 7
cantonese_140916_361200-3 1 4.88 0.04 26
cantonese_140916_361200-3 1 4.92 0.10 28
cantonese_140916_361200-3 1 5.02 0.19 16
cantonese_140916_361200-3 1 5.21 0.27 1
cantonese_140916_361200-3 1 5.48 0.06 33
cantonese_140916_361200-3 1 5.54 0.17 23
cantonese_140916_361200-3 1 5.71 0.39 16
cantonese_140916_361200-3 1 6.10 0.07 1
cantonese_140916_361200-3 1 6.17 0.05 7
cantonese_140916_361200-3 1 6.22 0.24 30
cantonese_140916_361200-3 1 6.46 0.03 10
cantonese_140916_361200-3 1 6.49 0.14 8
cantonese_140916_361200-3 1 6.63 0.43 1
cantonese_140916_361200-3 1 7.06 0.13 13
cantonese_140916_361200-3 1 7.19 0.13 4
cantonese_140916_361200-3 1 7.32 0.03 1
cantonese_140916_361200-30 1 0.00 0.03 33
cantonese_140916_361200-30 1 0.03 0.03 31
cantonese_140916_361200-30 1 0.06 0.03 15
cantonese_140916_361200-30 1 0.09 0.03 7
cantonese_140916_361200-30 1 0.12 0.04 26
cantonese_140916_361200-30 1 0.16 0.04 28
cantonese_140916_361200-30 1 0.20 0.03 27
cantonese_140916_361200-30 1 0.23 0.04 24
cantonese_140916_361200-30 1 0.27 0.05 22
cantonese_140916_361200-30 1 0.32 0.03 34
cantonese_140916_361200-30 1 0.35 0.06 7
cantonese_140916_361200-30 1 0.41 0.06 28
cantonese_140916_361200-30 1 0.47 0.04 25
cantonese_140916_361200-30 1 0.51 0.08 13
cantonese_140916_361200-30 1 0.59 0.03 28
cantonese_140916_361200-30 1 0.62 0.04 25
cantonese_140916_361200-30 1 0.66 0.04 7
cantonese_140916_361200-30 1 0.70 0.13 8
cantonese_140916_361200-30 1 0.83 0.04 7
cantonese_140916_361200-30 1 0.87 0.04 26
cantonese_140916_361200-30 1 0.91 0.09 3
cantonese_140916_361200-30 1 1.00 0.05 7
cantonese_140916_361200-30 1 1.05 0.05 11
cantonese_140916_361200-30 1 1.10 0.05 27
cantonese_140916_361200-30 1 1.15 0.11 21
cantonese_140916_361200-30 1 1.26 0.07 28
cantonese_140916_361200-30 1 1.33 0.10 20
cantonese_140916_361200-30 1 1.43 0.21 1
cantonese_140916_361200-30 1 1.64 0.07 12
cantonese_140916_361200-30 1 1.71 0.11 25
cantonese_140916_361200-30 1 1.82 0.11 10
cantonese_140916_361200-30 1 1.93 0.13 29
cantonese_140916_361200-30 1 2.06 0.06 12
cantonese_140916_361200-30 1 2.12 0.09 11
cantonese_140916_361200-30 1 2.21 0.10 27
cantonese_140916_361200-30 1 2.31 0.13 9
cantonese_140916_361200-30 1 2.44 0.21 23
cantonese_140916_361200-30 1 2.65 0.04 1
cantonese_140916_361200-30 1 2.69 0.14 10
cantonese_140916_361200-30 1 2.83 0.10 30
cantonese_140916_361200-30 1 2.93 0.09 12
cantonese_140916_361200-30 1 3.02 0.04 28
cantonese_140916_361200-30 1 3.06 0.10 27
cantonese_140916_361200-30 1 3.16 0.05 14
cantonese_140916_361200-30 1 3.21 0.07 5
cantonese_140916_361200-30 1 3.28 0.05 18
cantonese_140916_361200-30 1 3.33 0.09 19
cantonese_140916_361200-30 1 3.42 0.04 5
cantonese_140916_361200-30 1 3.46 0.05 18
cantonese_140916_361200-30 1 3.51 0.04 33
cantonese_140916_361200-30 1 3.55 0.08 32
cantonese_140916_361200-30 1 3.63 0.05 33
cantonese_140916_361200-30 1 3.68 0.04 1
cantonese_140916_361200-30 1 3.72 0.15 3
cantonese_140916_361200-30 1 3.87 0.08 13
cantonese_140916_361200-30 1 3.95 0.05 25
cantonese_140916_361200-30 1 4.00 0.03 20
cantonese_140916_361200-30 1 4.03 0.11 9
cantonese_140916_361200-30 1 4.14 0.07 29
cantonese_140916_361200-30 1 4.21 0.04 27
cantonese_140916_361200-30 1 4.25 0.10 9
cantonese_140916_361200-30 1 4.35 0.18 5
cantonese_140916_361200-30 1 4.53 0.27 1
cantonese_140916_361200-30 1 4.80 0.03 20
cantonese_140916_361200-30 1 4.83 0.07 12
cantonese_140916_361200-30 1 4.90 0.05 4
cantonese_140916_361200-30 1 4.95 0.08 6
cantonese_140916_361200-30 1 5.03 0.07 29
cantonese_140916_361200-30 1 5.10 0.06 27
cantonese_140916_361200-30 1 5.16 0.04 7
cantonese_140916_361200-30 1 5.20 0.07 26
cantonese_140916_361200-30 1 5.27 0.24 29
cantonese_140916_361200-30 1 5.51 1.08 1
cantonese_140916_361200-4 1 0.00 0.10 7
cantonese_140916_361200-4 1 0.10 0.18 1
cantonese_140916_361200-4 1 0.28 0.10 26
cantonese_140916_361200-4 1 0.38 0.10 28
cantonese_140916_361200-4 1 0.48 0.07 27
cantonese_140916_361200-4 1 0.55 0.09 33
cantonese_140916_361200-4 1 0.64 0.32 4
cantonese_140916_361200-4 1 0.96 0.19 1
cantonese_140916_361200-4 1 1.15 0.06 33
cantonese_140916_361200-4 1 1.21 0.06 31
cantonese_140916_361200-4 1 1.27 0.11 15
cantonese_140916_361200-4 1 1.38 0.13 19
cantonese_140916_361200-4 1 1.51 0.09 23
cantonese_140916_361200-4 1 1.60 0.07 13
cantonese_140916_361200-4 1 1.67 0.19 1
cantonese_140916_361200-4 1 1.86 0.06 6
cantonese_140916_361200-4 1 1.92 0.06 29
cantonese_140916_361200-4 1 1.98 0.04 14
cantonese_140916_361200-4 1 2.02 0.08 8
cantonese_140916_361200-4 1 2.10 0.15 21
cantonese_140916_361200-4 1 2.25 0.04 11
cantonese_140916_361200-4 1 2.29 0.05 15
cantonese_140916_361200-4 1 2.34 0.13 24
cantonese_140916_361200-4 1 2.47 0.20 3
cantonese_140916_361200-4 1 2.67 0.20 1
cantonese_140916_361200-4 1 2.87 0.10 12
cantonese_140916_361200-4 1 2.97 0.04 11
cantonese_140916_361200-4 1 3.01 0.08 16
cantonese_140916_361200-4 1 3.09 0.12 20
cantonese_140916_361200-4 1 3.21 0.27 4
cantonese_140916_361200-4 1 3.48 0.23 1
cantonese_140916_361200-4 1 3.71 0.05 20
cantonese_140916_361200-4 1 3.76 0.03 23
cantonese_140916_361200-4 1 3.79 0.03 27
cantonese_140916_361200-4 1 3.82 0.04 15
cantonese_140916_361200-4 1 3.86 0.07 3
cantonese_140916_361200-4 1 3.93 0.12 13
cantonese_140916_361200-4 1 4.05 0.12 8
cantonese_140916_361200-4 1 4.17 0.12 20
cantonese_140916_361200-4 1 4.29 0.16 5
cantonese_140916_361200-4 1 4.45 0.11 12
cantonese_140916_361200-4 1 4.56 0.04 31
cantonese_140916_361200-4 1 4.60 0.10 16
cantonese_140916_361200-4 1 4.70 0.05 33
cantonese_140916_361200-4 1 4.75 0.06 23
cantonese_140916_361200-4 1 4.81 0.07 27
cantonese_140916_361200-4 1 4.88 0.04 7
cantonese_140916_361200-4 1 4.92 0.04 26
cantonese_140916_361200-4 1 4.96 0.12 3
cantonese_140916_361200-4 1 5.08 0.09 6
cantonese_140916_361200-4 1 5.17 0.06 31
cantonese_140916_361200-4 1 5.23 0.36 16
cantonese_140916_361200-4 1 5.59 0.35 1
cantonese_140916_361200-4 1 5.94 0.05 13
cantonese_140916_361200-4 1 5.99 0.03 28
cantonese_140916_361200-4 1 6.02 0.03 25
cantonese_140916_361200-4 1 6.05 0.03 7
cantonese_140916_361200-4 1 6.08 0.08 8
cantonese_140916_361200-4 1 6.16 0.09 10
cantonese_140916_361200-4 1 6.25 0.25 3
cantonese_140916_361200-4 1 6.50 0.03 1
cantonese_140916_361200-4 1 6.53 0.05 7
cantonese_140916_361200-4 1 6.58 0.18 3
cantonese_140916_361200-4 1 6.76 0.08 1
cantonese_140916_361200-5 1 0.00 0.03 10
cantonese_140916_361200-5 1 0.03 0.10 30
cantonese_140916_361200-5 1 0.13 0.05 7
cantonese_140916_361200-5 1 0.18 0.06 26
cantonese_140916_361200-5 1 0.24 0.06 23
cantonese_140916_361200-5 1 0.30 0.18 27
cantonese_140916_361200-5 1 0.48 0.06 1
cantonese_140916_361200-5 1 0.54 0.05 20
cantonese_140916_361200-5 1 0.59 0.03 23
cantonese_140916_361200-5 1 0.62 0.03 27
cantonese_140916_361200-5 1 0.65 0.05 15
cantonese_140916_361200-5 1 0.70 0.07 3
cantonese_140916_361200-5 1 0.77 0.07 12
cantonese_140916_361200-5 1 0.84 0.09 25
cantonese_140916_361200-5 1 0.93 0.03 16
cantonese_140916_361200-5 1 0.96 0.07 27
cantonese_140916_361200-5 1 1.03 0.13 29
cantonese_140916_361200-5 1 1.16 0.05 16
cantonese_140916_361200-5 1 1.21 0.11 10
cantonese_140916_361200-5 1 1.32 0.09 30
cantonese_140916_361200-5 1 1.41 0.03 1
cantonese_140916_361200-5 1 1.44 0.08 24
cantonese_140916_361200-5 1 1.52 0.05 11
cantonese_140916_361200-5 1 1.57 0.06 13
cantonese_140916_361200-5 1 1.63 0.03 18
cantonese_140916_361200-5 1 1.66 0.09 1
cantonese_140916_361200-5 1 1.75 0.08 25
cantonese_140916_361200-5 1 1.83 0.03 1
cantonese_140916_361200-5 1 1.86 0.09 9
cantonese_140916_361200-5 1 1.95 0.28 4
cantonese_140916_361200-5 1 2.23 0.34 1
cantonese_140916_361200-5 1 2.57 0.09 10
cantonese_140916_361200-5 1 2.66 0.04 29
cantonese_140916_361200-5 1 2.70 0.05 12
cantonese_140916_361200-5 1 2.75 0.05 11
cantonese_140916_361200-5 1 2.80 0.05 14
cantonese_140916_361200-5 1 2.85 0.05 11
cantonese_140916_361200-5 1 2.90 0.09 27
cantonese_140916_361200-5 1 2.99 0.06 7
cantonese_140916_361200-5 1 3.05 0.20 17
cantonese_140916_361200-5 1 3.25 0.06 1
cantonese_140916_361200-5 1 3.31 0.10 19
cantonese_140916_361200-5 1 3.41 0.08 5
cantonese_140916_361200-5 1 3.49 0.04 16
cantonese_140916_361200-5 1 3.53 0.04 24
cantonese_140916_361200-5 1 3.57 0.06 23
cantonese_140916_361200-5 1 3.63 0.08 7
cantonese_140916_361200-5 1 3.71 0.03 26
cantonese_140916_361200-5 1 3.74 0.10 25
cantonese_140916_361200-5 1 3.84 0.03 7
cantonese_140916_361200-5 1 3.87 0.06 26
cantonese_140916_361200-5 1 3.93 0.04 31
cantonese_140916_361200-5 1 3.97 0.03 20
cantonese_140916_361200-5 1 4.00 0.10 19
cantonese_140916_361200-5 1 4.10 0.10 11
cantonese_140916_361200-5 1 4.20 0.08 13
cantonese_140916_361200-5 1 4.28 0.33 1
cantonese_140916_361200-5 1 4.61 0.05 7
cantonese_140916_361200-5 1 4.66 0.04 26
cantonese_140916_361200-5 1 4.70 0.04 23
cantonese_140916_361200-5 1 4.74 0.03 27
cantonese_140916_361200-5 1 4.77 0.05 24
cantonese_140916_361200-5 1 4.82 0.04 22
cantonese_140916_361200-5 1 4.86 0.04 34
cantonese_140916_361200-5 1 4.90 0.10 19
cantonese_140916_361200-5 1 5.00 0.06 5
cantonese_140916_361200-5 1 5.06 0.03 20
cantonese_140916_361200-5 1 5.09 0.11 10
cantonese_140916_361200-5 1 5.20 0.16 30
cantonese_140916_361200-5 1 5.36 0.07 1
cantonese_140916_361200-5 1 5.43 0.11 12
cantonese_140916_361200-5 1 5.54 0.09 32
cantonese_140916_361200-5 1 5.63 0.09 19
cantonese_140916_361200-5 1 5.72 0.03 5
cantonese_140916_361200-5 1 5.75 0.12 27
cantonese_140916_361200-5 1 5.87 0.06 7
cantonese_140916_361200-5 1 5.93 0.05 23
cantonese_140916_361200-5 1 5.98 0.06 27
cantonese_140916_361200-6 1 0.00 0.03 1
cantonese_140916_361200-6 1 0.03 0.09 19
cantonese_140916_361200-6 1 0.12 0.05 11
cantonese_140916_361200-6 1 0.17 0.05 13
cantonese_140916_361200-6 1 0.22 0.08 15
cantonese_140916_361200-6 1 0.30 0.06 31
cantonese_140916_361200-6 1 0.36 0.11 20
cantonese_140916_361200-6 1 0.47 0.43 1
cantonese_140916_361200-6 1 0.90 0.04 7
cantonese_140916_361200-6 1 0.94 0.06 28
cantonese_140916_361200-6 1 1.00 0.05 25
cantonese_140916_361200-6 1 1.05 0.08 12
cantonese_140916_361200-6 1 1.13 0.04 31
cantonese_140916_361200-6 1 1.17 0.07 16
cantonese_140916_361200-6 1 1.24 0.03 14
cantonese_140916_361200-6 1 1.27 0.03 28
cantonese_140916_361200-6 1 1.30 0.05 25
cantonese_140916_361200-6 1 1.35 0.03 33
cantonese_140916_361200-6 1 1.38 0.06 32
cantonese_140916_361200-6 1 1.44 0.08 33
cantonese_140916_361200-6 1 1.52 0.07 11
cantonese_140916_361200-6 1 1.59 0.04 16
cantonese_140916_361200-6 1 1.63 0.11 10
cantonese_140916_361200-6 1 1.74 0.08 29
cantonese_140916_361200-6 1 1.82 0.12 27
cantonese_140916_361200-6 1 1.94 0.03 1
cantonese_140916_361200-6 1 1.97 0.05 12
cantonese_140916_361200-6 1 2.02 0.06 11
cantonese_140916_361200-6 1 2.08 0.04 13
cantonese_140916_361200-6 1 2.12 0.05 7
cantonese_140916_361200-6 1 2.17 0.05 17
cantonese_140916_361200-6 1 2.22 0.06 24
cantonese_140916_361200-6 1 2.28 0.06 22
cantonese_140916_361200-6 1 2.34 0.03 34
cantonese_140916_361200-6 1 2.37 0.10 13
cantonese_140916_361200-6 1 2.47 0.08 4
cantonese_140916_361200-6 1 2.55 0.08 19
cantonese_140916_361200-6 1 2.63 0.04 11
cantonese_140916_361200-6 1 2.67 0.04 27
cantonese_140916_361200-6 1 2.71 0.09 24
cantonese_140916_361200-6 1 2.80 0.09 3
cantonese_140916_361200-6 1 2.89 0.06 10
cantonese_140916_361200-6 1 2.95 0.09 11
cantonese_140916_361200-6 1 3.04 0.12 18
cantonese_140916_361200-6 1 3.16 0.56 1
cantonese_140916_361200-6 1 3.72 0.05 33
cantonese_140916_361200-6 1 3.77 0.05 31
cantonese_140916_361200-6 1 3.82 0.06 15
cantonese_140916_361200-6 1 3.88 0.11 21
cantonese_140916_361200-6 1 3.99 0.24 11
cantonese_140916_361200-6 1 4.23 0.32 1
cantonese_140916_361200-6 1 4.55 0.04 33
cantonese_140916_361200-6 1 4.59 0.61 1
cantonese_140916_361200-6 1 5.20 0.07 32
cantonese_140916_361200-6 1 5.27 0.09 12
cantonese_140916_361200-6 1 5.36 0.04 11
cantonese_140916_361200-6 1 5.40 0.05 16
cantonese_140916_361200-6 1 5.45 0.08 13
cantonese_140916_361200-6 1 5.53 0.25 4
cantonese_140916_361200-6 1 5.78 0.17 1
cantonese_140916_361200-6 1 5.95 0.07 10
cantonese_140916_361200-6 1 6.02 0.12 3
cantonese_140916_361200-6 1 6.14 0.19 21
cantonese_140916_361200-6 1 6.33 0.07 25
cantonese_140916_361200-6 1 6.40 0.08 16
cantonese_140916_361200-7 1 0.00 0.10 13
cantonese_140916_361200-7 1 0.10 0.15 4
cantonese_140916_361200-7 1 0.25 0.08 7
cantonese_140916_361200-7 1 0.33 0.07 26
cantonese_140916_361200-7 1 0.40 0.12 28
cantonese_140916_361200-7 1 0.52 0.05 25
cantonese_140916_361200-7 1 0.57 0.08 7
cantonese_140916_361200-7 1 0.65 0.17 3
cantonese_140916_361200-7 1 0.82 0.06 12
cantonese_140916_361200-7 1 0.88 0.07 11
cantonese_140916_361200-7 1 0.95 0.09 27
cantonese_140916_361200-7 1 1.04 0.05 33
cantonese_140916_361200-7 1 1.09 0.13 32
cantonese_140916_361200-7 1 1.22 0.17 10
cantonese_140916_361200-7 1 1.39 0.11 30
cantonese_140916_361200-7 1 1.50 0.08 12
cantonese_140916_361200-7 1 1.58 0.04 28
cantonese_140916_361200-7 1 1.62 0.08 27
cantonese_140916_361200-7 1 1.70 0.04 14
cantonese_140916_361200-7 1 1.74 0.05 5
cantonese_140916_361200-7 1 1.79 0.05 18
cantonese_140916_361200-7 1 1.84 0.09 19
cantonese_140916_361200-7 1 1.93 0.06 5
cantonese_140916_361200-7 1 1.99 0.08 18
cantonese_140916_361200-7 1 2.07 0.03 7
cantonese_140916_361200-7 1 2.10 0.08 26
cantonese_140916_361200-7 1 2.18 0.08 11
cantonese_140916_361200-7 1 2.26 0.04 14
cantonese_140916_361200-7 1 2.30 0.10 25
cantonese_140916_361200-7 1 2.40 0.07 19
cantonese_140916_361200-7 1 2.47 0.10 4
cantonese_140916_361200-7 1 2.57 0.04 7
cantonese_140916_361200-7 1 2.61 0.06 26
cantonese_140916_361200-7 1 2.67 0.11 5
cantonese_140916_361200-7 1 2.78 0.08 18
cantonese_140916_361200-7 1 2.86 0.39 1
cantonese_140916_361200-7 1 3.25 0.04 33
cantonese_140916_361200-7 1 3.29 0.05 31
cantonese_140916_361200-7 1 3.34 0.07 15
cantonese_140916_361200-7 1 3.41 0.08 13
cantonese_140916_361200-7 1 3.49 0.04 28
cantonese_140916_361200-7 1 3.53 0.03 25
cantonese_140916_361200-7 1 3.56 0.06 12
cantonese_140916_361200-7 1 3.62 0.06 4
cantonese_140916_361200-7 1 3.68 0.09 33
cantonese_140916_361200-7 1 3.77 0.15 8
cantonese_140916_361200-7 1 3.92 0.06 7
cantonese_140916_361200-7 1 3.98 0.16 3
cantonese_140916_361200-7 1 4.14 0.05 12
cantonese_140916_361200-7 1 4.19 0.06 11
cantonese_140916_361200-7 1 4.25 0.08 27
cantonese_140916_361200-7 1 4.33 0.04 14
cantonese_140916_361200-7 1 4.37 0.14 32
cantonese_140916_361200-7 1 4.51 0.53 1
cantonese_140916_361200-7 1 5.04 0.07 12
cantonese_140916_361200-7 1 5.11 0.04 25
cantonese_140916_361200-7 1 5.15 0.03 16
cantonese_140916_361200-7 1 5.18 0.05 14
cantonese_140916_361200-7 1 5.23 0.20 30
cantonese_140916_361200-7 1 5.43 0.13 1
cantonese_140916_361200-7 1 5.56 0.06 12
cantonese_140916_361200-7 1 5.62 0.09 25
cantonese_140916_361200-7 1 5.71 0.06 16
cantonese_140916_361200-7 1 5.77 0.05 7
cantonese_140916_361200-7 1 5.82 0.07 26
cantonese_140916_361200-7 1 5.89 0.09 25
cantonese_140916_361200-7 1 5.98 0.03 1
cantonese_140916_361200-7 1 6.01 0.16 17
cantonese_140916_361200-8 1 0.00 0.04 7
cantonese_140916_361200-8 1 0.04 0.05 26
cantonese_140916_361200-8 1 0.09 0.10 4
cantonese_140916_361200-8 1 0.19 0.06 7
cantonese_140916_361200-8 1 0.25 0.04 26
cantonese_140916_361200-8 1 0.29 0.06 11
cantonese_140916_361200-8 1 0.35 0.10 27
cantonese_140916_361200-8 1 0.45 0.06 20
cantonese_140916_361200-8 1 0.51 0.16 25
cantonese_140916_361200-8 1 0.67 0.12 10
cantonese_140916_361200-8 1 0.79 0.12 30
cantonese_140916_361200-8 1 0.91 0.03 1
cantonese_140916_361200-8 1 0.94 0.12 29
cantonese_140916_361200-8 1 1.06 0.06 16
cantonese_140916_361200-8 1 1.12 0.09 19
cantonese_140916_361200-8 1 1.21 0.12 11
cantonese_140916_361200-8 1 1.33 0.19 16
cantonese_140916_361200-8 1 1.52 0.07 1
cantonese_140916_361200-8 1 1.59 0.06 15
cantonese_140916_361200-8 1 1.65 0.12 22
cantonese_140916_361200-8 1 1.77 0.06 34
cantonese_140916_361200-8 1 1.83 0.09 33
cantonese_140916_361200-8 1 1.92 0.12 5
cantonese_140916_361200-8 1 2.04 0.06 13
cantonese_140916_361200-8 1 2.10 0.05 7
cantonese_140916_361200-8 1 2.15 0.14 3
cantonese_140916_361200-8 1 2.29 0.11 12
cantonese_140916_361200-8 1 2.40 0.07 28
cantonese_140916_361200-8 1 2.47 0.08 13
cantonese_140916_361200-8 1 2.55 0.07 1
cantonese_140916_361200-8 1 2.62 0.03 12
cantonese_140916_361200-8 1 2.65 0.03 31
cantonese_140916_361200-8 1 2.68 0.06 20
cantonese_140916_361200-8 1 2.74 0.06 6
cantonese_140916_361200-8 1 2.80 0.07 5
cantonese_140916_361200-8 1 2.87 0.07 13
cantonese_140916_361200-8 1 2.94 0.05 33
cantonese_140916_361200-8 1 2.99 0.04 23
cantonese_140916_361200-8 1 3.03 0.07 27
cantonese_140916_361200-8 1 3.10 0.05 14
cantonese_140916_361200-8 1 3.15 0.23 8
cantonese_140916_361200-8 1 3.38 0.11 1
cantonese_140916_361200-8 1 3.49 0.06 7
cantonese_140916_361200-8 1 3.55 0.05 26
cantonese_140916_361200-8 1 3.60 0.04 4
cantonese_140916_361200-8 1 3.64 0.04 24
cantonese_140916_361200-8 1 3.68 0.04 22
cantonese_140916_361200-8 1 3.72 0.03 34
cantonese_140916_361200-8 1 3.75 0.08 19
cantonese_140916_361200-8 1 3.83 0.11 4
cantonese_140916_361200-8 1 3.94 0.04 7
cantonese_140916_361200-8 1 3.98 0.04 26
cantonese_140916_361200-8 1 4.02 0.05 5
cantonese_140916_361200-8 1 4.07 0.05 18
cantonese_140916_361200-8 1 4.12 0.09 19
cantonese_140916_361200-8 1 4.21 0.13 17
cantonese_140916_361200-8 1 4.34 0.05 33
cantonese_140916_361200-8 1 4.39 0.06 28
cantonese_140916_361200-8 1 4.45 0.04 25
cantonese_140916_361200-8 1 4.49 0.06 12
cantonese_140916_361200-8 1 4.55 0.03 31
cantonese_140916_361200-8 1 4.58 0.04 20
cantonese_140916_361200-8 1 4.62 0.11 21
cantonese_140916_361200-8 1 4.73 0.23 11
cantonese_140916_361200-8 1 4.96 0.78 1
cantonese_140916_361200-8 1 5.74 0.05 7
cantonese_140916_361200-8 1 5.79 0.18 11
cantonese_140916_361200-8 1 5.97 0.10 12
cantonese_140916_361200-8 1 6.07 0.04 11
cantonese_140916_361200-8 1 6.11 0.05 16
cantonese_140916_361200-8 1 6.16 0.07 13
cantonese_140916_361200-8 1 6.23 0.09 4
cantonese_140916_361200-8 1 6.32 0.06 1
cantonese_140916_361200-9 1 0.00 0.08 1
cantonese_140916_361200-9 1 0.08 0.12 9
cantonese_140916_361200-9 1 0.20 0.06 5
cantonese_140916_361200-9 1 0.26 0.03 20
cantonese_140916_361200-9 1 0.29 0.09 12
cantonese_140916_361200-9 1 0.38 0.06 11
cantonese_140916_361200-9 1 0.44 0.14 16
cantonese_140916_361200-9 1 0.58 0.23 1
cantonese_140916_361200-9 1 0.81 0.08 12
cantonese_140916_361200-9 1 0.89 0.09 25
cantonese_140916_361200-9 1 0.98 0.05 16
cantonese_140916_361200-9 1 1.03 0.03 27
cantonese_140916_361200-9 1 1.06 0.06 1
cantonese_140916_361200-9 1 1.12 0.11 29
cantonese_140916_361200-9 1 1.23 0.05 16
cantonese_140916_361200-9 1 1.28 0.05 33
cantonese_140916_361200-9 1 1.33 0.05 32
cantonese_140916_361200-9 1 1.38 0.06 14
cantonese_140916_361200-9 1 1.44 0.05 5
cantonese_140916_361200-9 1 1.49 0.05 18
cantonese_140916_361200-9 1 1.54 0.10 19
cantonese_140916_361200-9 1 1.64 0.08 5
cantonese_140916_361200-9 1 1.72 0.14 18
cantonese_140916_361200-9 1 1.86 0.08 1
cantonese_140916_361200-9 1 1.94 0.08 12
cantonese_140916_361200-9 1 2.02 0.09 4
cantonese_140916_361200-9 1 2.11 0.09 7
cantonese_140916_361200-9 1 2.20 0.15 3
cantonese_140916_361200-9 1 2.35 0.08 12
cantonese_140916_361200-9 1 2.43 0.03 28
cantonese_140916_361200-9 1 2.46 0.06 13
cantonese_140916_361200-9 1 2.52 0.11 19
cantonese_140916_361200-9 1 2.63 0.08 8
cantonese_140916_361200-9 1 2.71 0.05 9
cantonese_140916_361200-9 1 2.76 0.03 31
cantonese_140916_361200-9 1 2.79 0.03 16
cantonese_140916_361200-9 1 2.82 0.03 7
cantonese_140916_361200-9 1 2.85 0.03 26
cantonese_140916_361200-9 1 2.88 0.04 11
cantonese_140916_361200-9 1 2.92 0.12 19
cantonese_140916_361200-9 1 3.04 0.13 5
cantonese_140916_361200-9 1 3.17 0.13 15
cantonese_140916_361200-9 1 3.30 0.04 1
cantonese_140916_361200-9 1 3.34 0.12 10
cantonese_140916_361200-9 1 3.46 0.08 3
cantonese_140916_361200-9 1 3.54 0.12 19
cantonese_140916_361200-9 1 3.66 0.12 17
cantonese_140916_361200-9 1 3.78 0.06 33
cantonese_140916_361200-9 1 3.84 0.13 4
cantonese_140916_361200-9 1 3.97 0.05 7
cantonese_140916_361200-9 1 4.02 0.03 26
cantonese_140916_361200-9 1 4.05 0.12 3
cantonese_140916_361200-9 1 4.17 0.10 6
cantonese_140916_361200-9 1 4.27 0.06 31
cantonese_140916_361200-9 1 4.33 0.76 16
cantonese_140916_361200-9 1 5.09 0.05 1
cantonese_140916_361200-9 1 5.14 0.04 14
cantonese_140916_361200-9 1 5.18 0.07 32
cantonese_140916_361200-9 1 5.25 0.06 7
cantonese_140916_361200-9 1 5.31 0.07 11
cantonese_140916_361200-9 1 5.38 0.06 14
cantonese_140916_361200-9 1 5.44 0.05 5
cantonese_140916_361200-9 1 5.49 0.05 18
cantonese_140916_361200-9 1 5.54 0.09 19
cantonese_140916_361200-9 1 5.63 0.09 5
cantonese_140916_361200-9 1 5.72 0.11 18
cantonese_140916_361200-9 1 5.83 0.10 1
cantonese_140916_361200-9 1 5.93 0.05 7
cantonese_140916_361200-9 1 5.98 0.17 3
cantonese_140916_361200-9 1 6.15 0.07 6
cantonese_140916_361200-9 1 6.22 0.07 17
cantonese_140916_361200-9 1 6.29 0.10 9
cantonese_140916_361200-9 1 6.39 0.04 31
cantonese_140916_361200-9 1 6.43 0.03 16