cantonese_140916_361014-10 01.69 01.69 01.69 01.62
cantonese_140916_361014-11 01.51 01.51 01.51 01.48
cantonese_140916_361014-14 01.94 01.94 01.94 01.91
cantonese_140916_361014-26 01.51 01.51 01.51 01.44
cantonese_140916_361014-27 01.62 01.62 01.62 01.55
cantonese_140916_361014-29 01.51 01.51 01.51 01.44
cantonese_140916_361014-4 01.44 01.44 01.44 01.40
cantonese_140916_361014-7 01.48 01.48 01.48 01.37
cantonese_140916_361014-8 01.58 01.58 01.58 01.51
cantonese_140916_361014-9 01.51 01.51 01.51 01.48
cantonese_140916_361032-1 01.37 01.37 01.37 01.33
cantonese_140916_361032-10 01.37 01.37 01.37 01.33
cantonese_140916_361032-11 01.33 01.33 01.33 01.30
cantonese_140916_361032-12 01.37 01.37 01.37 01.33
cantonese_140916_361032-13 01.37 01.37 01.37 01.33
cantonese_140916_361032-15 01.40 01.40 01.40 01.33
cantonese_140916_361032-16 01.40 01.40 01.40 01.37
cantonese_140916_361032-17 01.37 01.37 01.37 01.30
cantonese_140916_361032-18 01.44 01.44 01.44 01.37
cantonese_140916_361032-21 01.37 01.37 01.37 01.33
cantonese_140916_361032-22 01.40 01.40 01.40 01.33
cantonese_140916_361032-24 01.37 01.37 01.37 01.33
cantonese_140916_361032-25 01.37 01.37 01.37 01.33
cantonese_140916_361032-26 01.40 01.40 01.40 01.33
cantonese_140916_361032-27 01.37 01.37 01.37 01.30
cantonese_140916_361032-28 01.37 01.37 01.37 01.33
cantonese_140916_361032-29 01.44 01.44 01.44 01.37
cantonese_140916_361032-3 01.37 01.37 01.37 01.33
cantonese_140916_361032-4 01.37 01.37 01.37 01.33
cantonese_140916_361032-5 01.37 01.37 01.37 01.33
cantonese_140916_361032-6 01.44 01.44 01.44 01.37
cantonese_140916_361032-7 01.44 01.44 01.44 01.40
cantonese_140916_361200-1 01.62 01.62 01.62 01.58
cantonese_140916_361200-10 01.62 01.62 01.62 01.55
cantonese_140916_361200-11 01.76 01.76 01.76 01.73
cantonese_140916_361200-12 01.62 01.62 01.62 01.58
cantonese_140916_361200-13 01.80 01.80 01.80 01.76
cantonese_140916_361200-14 01.62 01.62 01.62 01.58
cantonese_140916_361200-15 01.55 01.55 01.55 01.51
cantonese_140916_361200-16 01.48 01.48 01.48 01.44
cantonese_140916_361200-17 01.76 01.76 01.76 01.69
cantonese_140916_361200-18 01.69 01.69 01.69 01.62
cantonese_140916_361200-19 01.66 01.66 01.66 01.55
cantonese_140916_361200-2 01.62 01.62 01.62 01.58
cantonese_140916_361200-20 01.48 01.48 01.48 01.44
cantonese_140916_361200-21 01.84 01.84 01.84 01.76
cantonese_140916_361200-22 01.58 01.58 01.58 01.55
cantonese_140916_361200-23 01.66 01.66 01.66 01.62
cantonese_140916_361200-24 01.62 01.62 01.62 01.58
cantonese_140916_361200-25 01.91 01.91 01.91 01.87
cantonese_140916_361200-26 01.66 01.66 01.66 01.62
cantonese_140916_361200-27 01.62 01.62 01.62 01.58
cantonese_140916_361200-28 01.55 01.55 01.55 01.51
cantonese_140916_361200-29 01.73 01.73 01.73 01.69
cantonese_140916_361200-3 01.94 01.94 01.94 01.87
cantonese_140916_361200-30 01.76 01.76 01.76 01.73
cantonese_140916_361200-4 01.84 01.84 01.84 01.80
cantonese_140916_361200-5 01.62 01.62 01.62 01.51
cantonese_140916_361200-6 01.73 01.73 01.73 01.69
cantonese_140916_361200-7 01.66 01.66 01.66 01.55
cantonese_140916_361200-8 01.69 01.69 01.69 01.66
cantonese_140916_361200-9 01.73 01.73 01.73 01.62
cantonese_140916_361202-1 01.37 01.37 01.37 01.33
cantonese_140916_361202-10 01.33 01.33 01.33 01.30
cantonese_140916_361202-11 01.37 01.37 01.37 01.26
cantonese_140916_361202-12 01.37 01.37 01.37 01.30
cantonese_140916_361202-13 01.37 01.37 01.37 01.30
cantonese_140916_361202-14 01.37 01.37 01.37 01.30
cantonese_140916_361202-15 01.37 01.37 01.37 01.33
cantonese_140916_361202-16 01.37 01.37 01.37 01.30
cantonese_140916_361202-17 01.37 01.37 01.37 01.30
cantonese_140916_361202-18 01.37 01.37 01.37 01.33
cantonese_140916_361202-19 01.37 01.37 01.37 01.33
cantonese_140916_361202-2 01.37 01.37 01.37 01.33
cantonese_140916_361202-20 01.37 01.37 01.37 01.33
cantonese_140916_361202-21 01.37 01.37 01.37 01.33
cantonese_140916_361202-22 01.37 01.37 01.37 01.30
cantonese_140916_361202-23 01.37 01.37 01.37 01.30
cantonese_140916_361202-24 01.37 01.37 01.37 01.33
cantonese_140916_361202-25 01.37 01.37 01.37 01.26
cantonese_140916_361202-26 01.37 01.37 01.37 01.33
cantonese_140916_361202-28 01.44 01.44 01.44 01.33
cantonese_140916_361202-3 01.37 01.37 01.37 01.30
cantonese_140916_361202-30 01.37 01.37 01.37 01.26
cantonese_140916_361202-4 01.37 01.37 01.37 01.30
cantonese_140916_361202-5 01.37 01.37 01.37 01.33
cantonese_140916_361202-6 01.37 01.37 01.37 01.33
cantonese_140916_361202-7 01.37 01.37 01.37 01.30
cantonese_140916_361202-8 01.37 01.37 01.37 01.33
cantonese_140916_361202-9 01.37 01.37 01.37 01.26
cantonese_140917_361288-10 01.40 01.40 01.40 01.37
cantonese_140917_361288-11 01.37 01.37 01.37 01.30
cantonese_140917_361288-12 01.37 01.37 01.37 01.33
cantonese_140917_361288-15 01.40 01.40 01.40 01.37
cantonese_140917_361288-16 01.40 01.40 01.40 01.30
cantonese_140917_361288-18 01.33 01.33 01.33 01.26
cantonese_140917_361288-19 01.37 01.37 01.37 01.33
cantonese_140917_361288-2 01.37 01.37 01.37 01.26
cantonese_140917_361288-21 01.37 01.37 01.37 01.33
cantonese_140917_361288-24 01.37 01.37 01.37 01.33
cantonese_140917_361288-25 01.44 01.44 01.44 01.37
cantonese_140917_361288-26 01.37 01.37 01.37 01.33
cantonese_140917_361288-28 01.37 01.37 01.37 01.33
cantonese_140917_361288-29 01.40 01.40 01.40 01.37
cantonese_140917_361288-3 01.37 01.37 01.37 01.33
cantonese_140917_361288-30 01.48 01.48 01.48 01.44
cantonese_140917_361288-4 01.40 01.40 01.40 01.33
cantonese_140917_361288-5 01.44 01.44 01.44 01.37
cantonese_140917_361288-6 01.44 01.44 01.44 01.40
cantonese_140917_361288-7 01.44 01.44 01.44 01.40
cantonese_140917_361288-8 01.37 01.37 01.37 01.33
cantonese_140917_361288-9 01.40 01.40 01.40 01.33
cantonese_140917_361320-10 01.40 01.40 01.40 01.33
cantonese_140917_361320-11 01.37 01.37 01.37 01.33
cantonese_140917_361320-15 01.40 01.40 01.40 01.33
cantonese_140917_361320-16 01.48 01.48 01.48 01.44
cantonese_140917_361320-17 01.55 01.55 01.55 01.51
cantonese_140917_361320-18 01.55 01.55 01.55 01.44
cantonese_140917_361320-19 01.51 01.51 01.51 01.48
cantonese_140917_361320-2 01.37 01.37 01.37 01.33
cantonese_140917_361320-20 01.44 01.44 01.44 01.33
cantonese_140917_361320-21 01.44 01.44 01.44 01.40
cantonese_140917_361320-22 01.51 01.51 01.51 01.48
cantonese_140917_361320-23 01.48 01.48 01.48 01.40
cantonese_140917_361320-24 01.48 01.48 01.48 01.40
cantonese_140917_361320-25 01.48 01.48 01.48 01.40
cantonese_140917_361320-26 01.58 01.58 01.58 01.55
cantonese_140917_361320-27 01.48 01.48 01.48 01.40
cantonese_140917_361320-28 01.51 01.51 01.51 01.44
cantonese_140917_361320-29 01.48 01.48 01.48 01.40
cantonese_140917_361320-4 01.48 01.48 01.48 01.44
cantonese_140917_361320-6 01.58 01.58 01.58 01.55
cantonese_140917_361366-1 01.37 01.37 01.37 01.30
cantonese_140917_361366-10 01.37 01.37 01.37 01.33
cantonese_140917_361366-11 01.37 01.37 01.37 01.33
cantonese_140917_361366-12 01.33 01.33 01.33 01.26
cantonese_140917_361366-13 01.37 01.37 01.37 01.30
cantonese_140917_361366-14 01.37 01.37 01.37 01.33
cantonese_140917_361366-15 01.37 01.37 01.37 01.30
cantonese_140917_361366-16 01.37 01.37 01.37 01.33
cantonese_140917_361366-17 01.40 01.40 01.40 01.37
cantonese_140917_361366-18 01.37 01.37 01.37 01.33
cantonese_140917_361366-19 01.33 01.33 01.33 01.26
cantonese_140917_361366-2 01.44 01.44 01.44 01.37
cantonese_140917_361366-20 01.37 01.37 01.37 01.26
cantonese_140917_361366-21 01.37 01.37 01.37 01.33
cantonese_140917_361366-22 01.37 01.37 01.37 01.30
cantonese_140917_361366-23 01.37 01.37 01.37 01.30
cantonese_140917_361366-24 01.37 01.37 01.37 01.30
cantonese_140917_361366-25 01.33 01.33 01.33 01.30
cantonese_140917_361366-26 01.37 01.37 01.37 01.30
cantonese_140917_361366-27 01.37 01.37 01.37 01.33
cantonese_140917_361366-28 01.40 01.40 01.40 01.33
cantonese_140917_361366-29 01.37 01.37 01.37 01.33
cantonese_140917_361366-3 01.40 01.40 01.40 01.33
cantonese_140917_361366-30 01.40 01.40 01.40 01.30
cantonese_140917_361366-4 01.40 01.40 01.40 01.37
cantonese_140917_361366-5 01.37 01.37 01.37 01.30
cantonese_140917_361366-6 01.40 01.40 01.40 01.33
cantonese_140917_361366-7 01.40 01.40 01.40 01.33
cantonese_140917_361366-8 01.40 01.40 01.40 01.37
cantonese_140917_361366-9 01.37 01.37 01.37 01.33
cantonese_140917_361368-1 01.48 01.48 01.48 01.44
cantonese_140917_361368-10 01.40 01.40 01.40 01.37
cantonese_140917_361368-11 01.55 01.55 01.55 01.51
cantonese_140917_361368-12 01.51 01.51 01.51 01.48
cantonese_140917_361368-13 01.44 01.44 01.44 01.37
cantonese_140917_361368-14 01.44 01.44 01.44 01.40
cantonese_140917_361368-15 01.48 01.48 01.48 01.44
cantonese_140917_361368-16 01.48 01.48 01.48 01.44
cantonese_140917_361368-19 01.44 01.44 01.44 01.33
cantonese_140917_361368-2 01.48 01.48 01.48 01.37
cantonese_140917_361368-20 01.48 01.48 01.48 01.44
cantonese_140917_361368-21 01.48 01.48 01.48 01.40
cantonese_140917_361368-22 01.44 01.44 01.44 01.40
cantonese_140917_361368-23 01.48 01.48 01.48 01.40
cantonese_140917_361368-26 01.55 01.55 01.55 01.44
cantonese_140917_361368-27 01.55 01.55 01.55 01.51
cantonese_140917_361368-28 01.48 01.48 01.48 01.40
cantonese_140917_361368-29 01.66 01.66 01.66 01.62
cantonese_140917_361368-3 01.48 01.48 01.48 01.40
cantonese_140917_361368-30 01.73 01.73 01.73 01.66
cantonese_140917_361368-4 01.51 01.51 01.51 01.48
cantonese_140917_361368-5 01.51 01.51 01.51 01.48
cantonese_140917_361368-7 01.44 01.44 01.44 01.40
cantonese_140917_361368-8 01.55 01.55 01.55 01.48
cantonese_140917_361368-9 01.48 01.48 01.48 01.40
cantonese_140918_361554-1 01.51 01.51 01.51 01.44
cantonese_140918_361554-10 01.51 01.51 01.51 01.48
cantonese_140918_361554-11 01.48 01.48 01.48 01.40
cantonese_140918_361554-13 01.48 01.48 01.48 01.44
cantonese_140918_361554-14 01.48 01.48 01.48 01.40
cantonese_140918_361554-16 01.51 01.51 01.51 01.48
cantonese_140918_361554-17 01.55 01.55 01.55 01.51
cantonese_140918_361554-18 01.55 01.55 01.55 01.48
cantonese_140918_361554-19 01.58 01.58 01.58 01.48
cantonese_140918_361554-2 01.51 01.51 01.51 01.48
cantonese_140918_361554-20 01.51 01.51 01.51 01.48
cantonese_140918_361554-21 01.51 01.51 01.51 01.48
cantonese_140918_361554-22 01.55 01.55 01.55 01.51
cantonese_140918_361554-23 01.58 01.58 01.58 01.55
cantonese_140918_361554-24 01.48 01.48 01.48 01.44
cantonese_140918_361554-25 01.55 01.55 01.55 01.51
cantonese_140918_361554-26 01.44 01.44 01.44 01.37
cantonese_140918_361554-27 01.51 01.51 01.51 01.48
cantonese_140918_361554-28 01.55 01.55 01.55 01.51
cantonese_140918_361554-29 01.58 01.58 01.58 01.55
cantonese_140918_361554-3 01.44 01.44 01.44 01.40
cantonese_140918_361554-30 01.58 01.58 01.58 01.55
cantonese_140918_361554-4 01.55 01.55 01.55 01.51
cantonese_140918_361554-5 01.58 01.58 01.58 01.55
cantonese_140918_361554-6 01.48 01.48 01.48 01.44
cantonese_140918_361554-7 01.58 01.58 01.58 01.48
cantonese_140918_361554-8 01.51 01.51 01.51 01.48
cantonese_140918_361554-9 01.51 01.51 01.51 01.44
cantonese_140918_361606-1 01.33 01.33 01.33 01.22
cantonese_140918_361606-10 01.40 01.40 01.40 01.37
cantonese_140918_361606-11 01.40 01.40 01.40 01.33
cantonese_140918_361606-12 01.37 01.37 01.37 01.33
cantonese_140918_361606-16 01.37 01.37 01.37 01.33
cantonese_140918_361606-17 01.37 01.37 01.37 01.26
cantonese_140918_361606-18 01.44 01.44 01.44 01.37
cantonese_140918_361606-19 01.40 01.40 01.40 01.37
cantonese_140918_361606-2 01.33 01.33 01.33 01.26
cantonese_140918_361606-20 01.40 01.40 01.40 01.30
cantonese_140918_361606-21 01.37 01.37 01.37 01.30
cantonese_140918_361606-22 01.40 01.40 01.40 01.37
cantonese_140918_361606-23 01.40 01.40 01.40 01.37
cantonese_140918_361606-24 01.44 01.44 01.44 01.40
cantonese_140918_361606-25 01.33 01.33 01.33 01.30
cantonese_140918_361606-27 01.40 01.40 01.40 01.37
cantonese_140918_361606-28 01.40 01.40 01.40 01.37
cantonese_140918_361606-29 01.37 01.37 01.37 01.33
cantonese_140918_361606-3 01.37 01.37 01.37 01.33
cantonese_140918_361606-30 01.44 01.44 01.44 01.40
cantonese_140918_361606-5 01.37 01.37 01.37 01.30
cantonese_140918_361606-6 01.37 01.37 01.37 01.30
cantonese_140918_361606-7 01.37 01.37 01.37 01.33
cantonese_140918_361606-8 01.40 01.40 01.40 01.37
cantonese_140918_361606-9 01.37 01.37 01.37 01.33
cantonese_140924_362835-1 01.62 01.62 01.62 01.58
cantonese_140924_362835-10 01.76 01.76 01.76 01.69
cantonese_140924_362835-11 01.69 01.69 01.69 01.62
cantonese_140924_362835-12 01.66 01.66 01.66 01.58
cantonese_140924_362835-13 01.69 01.69 01.69 01.66
cantonese_140924_362835-14 01.66 01.66 01.66 01.58
cantonese_140924_362835-15 01.73 01.73 01.73 01.66
cantonese_140924_362835-16 01.66 01.66 01.66 01.62
cantonese_140924_362835-17 01.55 01.55 01.55 01.51
cantonese_140924_362835-18 01.69 01.69 01.69 01.66
cantonese_140924_362835-19 01.62 01.62 01.62 01.58
cantonese_140924_362835-2 01.58 01.58 01.58 01.51
cantonese_140924_362835-20 01.69 01.69 01.69 01.58
cantonese_140924_362835-21 01.55 01.55 01.55 01.51
cantonese_140924_362835-22 01.58 01.58 01.58 01.55
cantonese_140924_362835-24 01.69 01.69 01.69 01.62
cantonese_140924_362835-25 01.55 01.55 01.55 01.44
cantonese_140924_362835-26 01.62 01.62 01.62 01.55
cantonese_140924_362835-27 01.94 01.94 01.94 01.91
cantonese_140924_362835-28 01.66 01.66 01.66 01.58
cantonese_140924_362835-29 01.73 01.73 01.73 01.66
cantonese_140924_362835-3 01.87 01.87 01.87 01.80
cantonese_140924_362835-30 01.80 01.80 01.80 01.73
cantonese_140924_362835-4 01.51 01.51 01.51 01.48
cantonese_140924_362835-5 01.76 01.76 01.76 01.69
cantonese_140924_362835-6 01.73 01.73 01.73 01.69
cantonese_140924_362835-7 01.73 01.73 01.73 01.66
cantonese_140924_362835-8 01.73 01.73 01.73 01.66
cantonese_140924_362835-9 01.55 01.55 01.55 01.48
cantonese_140925_362959-1 01.37 01.37 01.37 01.30
cantonese_140925_362959-10 01.40 01.40 01.40 01.37
cantonese_140925_362959-12 01.37 01.37 01.37 01.33
cantonese_140925_362959-13 01.40 01.40 01.40 01.37
cantonese_140925_362959-14 01.40 01.40 01.40 01.37
cantonese_140925_362959-15 01.37 01.37 01.37 01.30
cantonese_140925_362959-17 01.40 01.40 01.40 01.37
cantonese_140925_362959-18 01.37 01.37 01.37 01.30
cantonese_140925_362959-19 01.37 01.37 01.37 01.30
cantonese_140925_362959-2 01.37 01.37 01.37 01.33
cantonese_140925_362959-21 01.40 01.40 01.40 01.33
cantonese_140925_362959-22 01.37 01.37 01.37 01.33
cantonese_140925_362959-23 01.40 01.40 01.40 01.37
cantonese_140925_362959-24 01.40 01.40 01.40 01.37
cantonese_140925_362959-25 01.40 01.40 01.40 01.37
cantonese_140925_362959-26 01.37 01.37 01.37 01.33
cantonese_140925_362959-27 01.40 01.40 01.40 01.37
cantonese_140925_362959-29 01.40 01.40 01.40 01.33
cantonese_140925_362959-30 01.37 01.37 01.37 01.33
cantonese_140925_362959-4 01.40 01.40 01.40 01.37
cantonese_140925_362959-5 01.37 01.37 01.37 01.33
cantonese_140925_362959-6 01.44 01.44 01.44 01.37
cantonese_140925_362959-7 01.37 01.37 01.37 01.33
cantonese_140925_362959-8 01.40 01.40 01.40 01.37
cantonese_140925_362959-9 01.37 01.37 01.37 01.30
cantonese_140925_363090-1 01.33 01.33 01.33 01.30
cantonese_140925_363090-10 01.37 01.37 01.37 01.33
cantonese_140925_363090-11 01.33 01.33 01.33 01.30
cantonese_140925_363090-12 01.33 01.33 01.33 01.26
cantonese_140925_363090-13 01.33 01.33 01.33 01.30
cantonese_140925_363090-14 01.33 01.33 01.33 01.26
cantonese_140925_363090-15 01.33 01.33 01.33 01.26
cantonese_140925_363090-16 01.37 01.37 01.37 01.30
cantonese_140925_363090-17 01.33 01.33 01.33 01.26
cantonese_140925_363090-18 01.37 01.37 01.37 01.33
cantonese_140925_363090-19 01.33 01.33 01.33 01.26
cantonese_140925_363090-2 01.37 01.37 01.37 01.33
cantonese_140925_363090-20 01.33 01.33 01.33 01.30
cantonese_140925_363090-21 01.33 01.33 01.33 01.26
cantonese_140925_363090-22 01.37 01.37 01.37 01.33
cantonese_140925_363090-23 01.37 01.37 01.37 01.33
cantonese_140925_363090-24 01.33 01.33 01.33 01.26
cantonese_140925_363090-25 01.33 01.33 01.33 01.26
cantonese_140925_363090-26 01.37 01.37 01.37 01.33
cantonese_140925_363090-27 01.33 01.33 01.33 01.30
cantonese_140925_363090-28 01.33 01.33 01.33 01.30
cantonese_140925_363090-29 01.33 01.33 01.33 01.26
cantonese_140925_363090-3 01.37 01.37 01.37 01.30
cantonese_140925_363090-30 01.33 01.33 01.33 01.30
cantonese_140925_363090-4 01.33 01.33 01.33 01.26
cantonese_140925_363090-5 01.33 01.33 01.33 01.30
cantonese_140925_363090-6 01.33 01.33 01.33 01.26
cantonese_140925_363090-7 01.33 01.33 01.33 01.26
cantonese_140925_363090-8 01.33 01.33 01.33 01.26
cantonese_140925_363090-9 01.33 01.33 01.33 01.30
cantonese_140926_363178-1 01.37 01.37 01.37 01.30
cantonese_140926_363178-10 01.33 01.33 01.33 01.30
cantonese_140926_363178-11 01.37 01.37 01.37 01.30
cantonese_140926_363178-12 01.37 01.37 01.37 01.30
cantonese_140926_363178-13 01.33 01.33 01.33 01.26
cantonese_140926_363178-14 01.33 01.33 01.33 01.30
cantonese_140926_363178-15 01.37 01.37 01.37 01.33
cantonese_140926_363178-16 01.37 01.37 01.37 01.30
cantonese_140926_363178-17 01.37 01.37 01.37 01.33
cantonese_140926_363178-18 01.33 01.33 01.33 01.26
cantonese_140926_363178-19 01.40 01.40 01.40 01.37
cantonese_140926_363178-2 01.37 01.37 01.37 01.33
cantonese_140926_363178-20 01.37 01.37 01.37 01.33
cantonese_140926_363178-21 01.37 01.37 01.37 01.33
cantonese_140926_363178-22 01.37 01.37 01.37 01.33
cantonese_140926_363178-23 01.40 01.40 01.40 01.37
cantonese_140926_363178-24 01.37 01.37 01.37 01.33
cantonese_140926_363178-25 01.37 01.37 01.37 01.33
cantonese_140926_363178-26 01.37 01.37 01.37 01.33
cantonese_140926_363178-27 01.37 01.37 01.37 01.33
cantonese_140926_363178-28 01.37 01.37 01.37 01.30
cantonese_140926_363178-29 01.37 01.37 01.37 01.33
cantonese_140926_363178-3 01.37 01.37 01.37 01.33
cantonese_140926_363178-30 01.40 01.40 01.40 01.37
cantonese_140926_363178-4 01.37 01.37 01.37 01.33
cantonese_140926_363178-5 01.37 01.37 01.37 01.33
cantonese_140926_363178-6 01.37 01.37 01.37 01.30
cantonese_140926_363178-7 01.37 01.37 01.37 01.26
cantonese_140926_363178-8 01.37 01.37 01.37 01.30
cantonese_140926_363178-9 01.37 01.37 01.37 01.30
cantonese_140926_363198-1 01.55 01.55 01.55 01.51
cantonese_140926_363198-10 01.62 01.62 01.62 01.58
cantonese_140926_363198-11 01.55 01.55 01.55 01.48
cantonese_140926_363198-12 01.55 01.55 01.55 01.48
cantonese_140926_363198-13 01.48 01.48 01.48 01.44
cantonese_140926_363198-14 01.51 01.51 01.51 01.48
cantonese_140926_363198-15 01.51 01.51 01.51 01.44
cantonese_140926_363198-16 01.55 01.55 01.55 01.51
cantonese_140926_363198-17 01.62 01.62 01.62 01.58
cantonese_140926_363198-18 01.51 01.51 01.51 01.48
cantonese_140926_363198-19 01.55 01.55 01.55 01.51
cantonese_140926_363198-2 01.62 01.62 01.62 01.51
cantonese_140926_363198-20 01.48 01.48 01.48 01.44
cantonese_140926_363198-21 01.51 01.51 01.51 01.48
cantonese_140926_363198-22 01.51 01.51 01.51 01.48
cantonese_140926_363198-23 01.48 01.48 01.48 01.44
cantonese_140926_363198-24 01.48 01.48 01.48 01.44
cantonese_140926_363198-25 01.66 01.66 01.66 01.58
cantonese_140926_363198-26 01.44 01.44 01.44 01.37
cantonese_140926_363198-27 01.58 01.58 01.58 01.55
cantonese_140926_363198-28 01.51 01.51 01.51 01.44
cantonese_140926_363198-29 01.58 01.58 01.58 01.55
cantonese_140926_363198-3 01.58 01.58 01.58 01.51
cantonese_140926_363198-30 01.51 01.51 01.51 01.48
cantonese_140926_363198-4 01.58 01.58 01.58 01.55
cantonese_140926_363198-5 01.55 01.55 01.55 01.48
cantonese_140926_363198-6 01.55 01.55 01.55 01.51
cantonese_140926_363198-7 01.55 01.55 01.55 01.51
cantonese_140926_363198-8 01.51 01.51 01.51 01.44
cantonese_140926_363198-9 01.55 01.55 01.55 01.48
cantonese_140926_363222-1 01.40 01.40 01.40 01.37
cantonese_140926_363222-10 01.40 01.40 01.40 01.37
cantonese_140926_363222-11 01.37 01.37 01.37 01.30
cantonese_140926_363222-13 01.40 01.40 01.40 01.37
cantonese_140926_363222-14 01.37 01.37 01.37 01.33
cantonese_140926_363222-15 01.37 01.37 01.37 01.33
cantonese_140926_363222-16 01.44 01.44 01.44 01.37
cantonese_140926_363222-17 01.37 01.37 01.37 01.33
cantonese_140926_363222-19 01.40 01.40 01.40 01.33
cantonese_140926_363222-20 01.40 01.40 01.40 01.30
cantonese_140926_363222-21 01.48 01.48 01.48 01.44
cantonese_140926_363222-23 01.40 01.40 01.40 01.33
cantonese_140926_363222-24 01.40 01.40 01.40 01.33
cantonese_140926_363222-27 01.37 01.37 01.37 01.30
cantonese_140926_363222-28 01.37 01.37 01.37 01.33
cantonese_140926_363222-3 01.37 01.37 01.37 01.33
cantonese_140926_363222-30 01.44 01.44 01.44 01.40
cantonese_140926_363222-4 01.40 01.40 01.40 01.37
cantonese_140926_363222-5 01.40 01.40 01.40 01.33
cantonese_140926_363222-6 01.40 01.40 01.40 01.37
cantonese_140926_363222-7 01.40 01.40 01.40 01.37
cantonese_140926_363222-8 01.40 01.40 01.40 01.37
cantonese_140926_363222-9 01.37 01.37 01.37 01.30
cantonese_140926_363228-10 01.48 01.48 01.48 01.37
cantonese_140926_363228-11 01.51 01.51 01.51 01.44
cantonese_140926_363228-16 01.55 01.55 01.55 01.51
cantonese_140926_363228-17 01.87 01.87 01.87 01.80
cantonese_140926_363228-19 01.62 01.62 01.62 01.58
cantonese_140926_363228-2 01.37 01.37 01.37 01.33
cantonese_140926_363228-21 01.73 01.73 01.73 01.66
cantonese_140926_363228-26 01.48 01.48 01.48 01.44
cantonese_140926_363228-27 01.51 01.51 01.51 01.44
cantonese_140926_363228-28 01.66 01.66 01.66 01.55
cantonese_140926_363228-29 01.58 01.58 01.58 01.51
cantonese_140926_363228-3 01.37 01.37 01.37 01.30
cantonese_140926_363228-30 01.55 01.55 01.55 01.51
cantonese_140926_363228-5 01.66 01.66 01.66 01.58
cantonese_140926_363228-9 01.51 01.51 01.51 01.48
cantonese_140926_363298-1 01.37 01.37 01.37 01.33
cantonese_140926_363298-10 01.37 01.37 01.37 01.30
cantonese_140926_363298-11 01.37 01.37 01.37 01.30
cantonese_140926_363298-12 01.37 01.37 01.37 01.30
cantonese_140926_363298-13 01.37 01.37 01.37 01.30
cantonese_140926_363298-14 01.40 01.40 01.40 01.37
cantonese_140926_363298-15 01.37 01.37 01.37 01.33
cantonese_140926_363298-16 01.37 01.37 01.37 01.33
cantonese_140926_363298-17 01.37 01.37 01.37 01.26
cantonese_140926_363298-18 01.37 01.37 01.37 01.33
cantonese_140926_363298-19 01.37 01.37 01.37 01.33
cantonese_140926_363298-2 01.37 01.37 01.37 01.26
cantonese_140926_363298-20 01.37 01.37 01.37 01.30
cantonese_140926_363298-21 01.37 01.37 01.37 01.33
cantonese_140926_363298-22 01.37 01.37 01.37 01.33
cantonese_140926_363298-23 01.37 01.37 01.37 01.30
cantonese_140926_363298-24 01.37 01.37 01.37 01.33
cantonese_140926_363298-25 01.37 01.37 01.37 01.26
cantonese_140926_363298-26 01.40 01.40 01.40 01.33
cantonese_140926_363298-27 01.37 01.37 01.37 01.33
cantonese_140926_363298-28 01.40 01.40 01.40 01.37
cantonese_140926_363298-29 01.37 01.37 01.37 01.30
cantonese_140926_363298-3 01.37 01.37 01.37 01.33
cantonese_140926_363298-30 01.37 01.37 01.37 01.33
cantonese_140926_363298-4 01.37 01.37 01.37 01.30
cantonese_140926_363298-5 01.37 01.37 01.37 01.30
cantonese_140926_363298-6 01.37 01.37 01.37 01.30
cantonese_140926_363298-7 01.37 01.37 01.37 01.30
cantonese_140926_363298-8 01.37 01.37 01.37 01.30
cantonese_140926_363298-9 01.37 01.37 01.37 01.30
cantonese_140926_363306-11 01.48 01.48 01.48 01.40
cantonese_140926_363306-12 01.48 01.48 01.48 01.44
cantonese_140926_363306-16 01.62 01.62 01.62 01.58
cantonese_140926_363306-17 01.66 01.66 01.66 01.58
cantonese_140926_363306-18 01.66 01.66 01.66 01.62
cantonese_140926_363306-19 01.73 01.73 01.73 01.66
cantonese_140926_363306-20 01.84 01.84 01.84 01.73
cantonese_140926_363306-21 01.48 01.48 01.48 01.44
cantonese_140926_363306-22 01.58 01.58 01.58 01.55
cantonese_140926_363306-23 01.58 01.58 01.58 01.55
cantonese_140926_363306-25 01.62 01.62 01.62 01.55
cantonese_140926_363306-26 01.51 01.51 01.51 01.48
cantonese_140926_363306-28 01.40 01.40 01.40 01.33
cantonese_140926_363306-29 01.40 01.40 01.40 01.37
cantonese_140926_363306-30 01.40 01.40 01.40 01.37
cantonese_140926_363306-5 01.40 01.40 01.40 01.37
cantonese_140926_363306-6 01.55 01.55 01.55 01.44
cantonese_140926_363306-7 01.55 01.55 01.55 01.51
cantonese_140926_363306-8 01.55 01.55 01.55 01.51
cantonese_140927_363424-1 01.48 01.48 01.48 01.44
cantonese_140927_363424-11 01.40 01.40 01.40 01.37
cantonese_140927_363424-17 01.40 01.40 01.40 01.37
cantonese_140927_363424-25 01.44 01.44 01.44 01.40
cantonese_140927_363424-29 01.37 01.37 01.37 01.30
cantonese_140927_363424-4 01.37 01.37 01.37 01.26
cantonese_140927_363424-5 01.37 01.37 01.37 01.33
cantonese_140927_363424-6 01.44 01.44 01.44 01.40
cantonese_140927_363424-7 01.40 01.40 01.40 01.37
cantonese_140927_363450-1 01.62 01.62 01.62 01.58
cantonese_140927_363450-10 01.55 01.55 01.55 01.44
cantonese_140927_363450-11 01.55 01.55 01.55 01.51
cantonese_140927_363450-12 01.62 01.62 01.62 01.58
cantonese_140927_363450-18 01.55 01.55 01.55 01.48
cantonese_140927_363450-19 01.66 01.66 01.66 01.55
cantonese_140927_363450-2 01.66 01.66 01.66 01.58
cantonese_140927_363450-20 01.62 01.62 01.62 01.58
cantonese_140927_363450-21 01.62 01.62 01.62 01.58
cantonese_140927_363450-22 01.58 01.58 01.58 01.51
cantonese_140927_363450-24 01.44 01.44 01.44 01.37
cantonese_140927_363450-25 01.37 01.37 01.37 01.33
cantonese_140927_363450-26 01.58 01.58 01.58 01.55
cantonese_140927_363450-27 01.58 01.58 01.58 01.51
cantonese_140927_363450-28 01.69 01.69 01.69 01.66
cantonese_140927_363450-29 01.73 01.73 01.73 01.69
cantonese_140927_363450-3 01.66 01.66 01.66 01.58
cantonese_140927_363450-30 01.55 01.55 01.55 01.51
cantonese_140927_363450-4 01.44 01.44 01.44 01.40
cantonese_140927_363450-5 01.73 01.73 01.73 01.66
cantonese_140927_363450-6 01.80 01.80 01.80 01.76
cantonese_140927_363450-7 01.58 01.58 01.58 01.51
cantonese_140927_363450-8 01.62 01.62 01.62 01.55
cantonese_140927_363450-9 01.62 01.62 01.62 01.55
cantonese_140928_363564-1 01.48 01.48 01.48 01.37
cantonese_140928_363564-10 01.48 01.48 01.48 01.40
cantonese_140928_363564-11 01.51 01.51 01.51 01.48
cantonese_140928_363564-12 01.51 01.51 01.51 01.44
cantonese_140928_363564-13 01.51 01.51 01.51 01.48
cantonese_140928_363564-14 01.58 01.58 01.58 01.51
cantonese_140928_363564-15 01.58 01.58 01.58 01.55
cantonese_140928_363564-16 01.48 01.48 01.48 01.40
cantonese_140928_363564-17 01.51 01.51 01.51 01.48
cantonese_140928_363564-18 01.40 01.40 01.40 01.30
cantonese_140928_363564-19 01.40 01.40 01.40 01.37
cantonese_140928_363564-2 01.40 01.40 01.40 01.37
cantonese_140928_363564-20 01.48 01.48 01.48 01.44
cantonese_140928_363564-21 01.44 01.44 01.44 01.37
cantonese_140928_363564-22 01.48 01.48 01.48 01.40
cantonese_140928_363564-23 01.44 01.44 01.44 01.37
cantonese_140928_363564-24 01.48 01.48 01.48 01.40
cantonese_140928_363564-25 01.40 01.40 01.40 01.33
cantonese_140928_363564-27 01.37 01.37 01.37 01.33
cantonese_140928_363564-28 01.48 01.48 01.48 01.40
cantonese_140928_363564-29 01.51 01.51 01.51 01.48
cantonese_140928_363564-3 01.44 01.44 01.44 01.37
cantonese_140928_363564-30 01.48 01.48 01.48 01.44
cantonese_140928_363564-4 01.44 01.44 01.44 01.40
cantonese_140928_363564-5 01.48 01.48 01.48 01.44
cantonese_140928_363564-6 01.51 01.51 01.51 01.48
cantonese_140928_363564-7 01.44 01.44 01.44 01.40
cantonese_140928_363564-8 01.48 01.48 01.48 01.44
cantonese_140928_363564-9 01.37 01.37 01.37 01.33
cantonese_141004_365076-1 01.55 01.55 01.55 01.48
cantonese_141004_365076-10 01.66 01.66 01.66 01.62
cantonese_141004_365076-11 01.73 01.73 01.73 01.69
cantonese_141004_365076-12 01.48 01.48 01.48 01.44
cantonese_141004_365076-13 01.73 01.73 01.73 01.66
cantonese_141004_365076-14 01.58 01.58 01.58 01.48
cantonese_141004_365076-15 01.66 01.66 01.66 01.55
cantonese_141004_365076-16 01.66 01.66 01.66 01.62
cantonese_141004_365076-17 01.66 01.66 01.66 01.62
cantonese_141004_365076-18 01.58 01.58 01.58 01.51
cantonese_141004_365076-19 01.51 01.51 01.51 01.44
cantonese_141004_365076-2 01.58 01.58 01.58 01.51
cantonese_141004_365076-22 01.55 01.55 01.55 01.44
cantonese_141004_365076-23 01.48 01.48 01.48 01.44
cantonese_141004_365076-24 01.73 01.73 01.73 01.66
cantonese_141004_365076-25 01.66 01.66 01.66 01.58
cantonese_141004_365076-26 01.62 01.62 01.62 01.55
cantonese_141004_365076-27 01.40 01.40 01.40 01.37
cantonese_141004_365076-28 01.51 01.51 01.51 01.44
cantonese_141004_365076-29 01.51 01.51 01.51 01.44
cantonese_141004_365076-3 01.51 01.51 01.51 01.48
cantonese_141004_365076-30 01.48 01.48 01.48 01.37
cantonese_141004_365076-5 01.62 01.62 01.62 01.55
cantonese_141004_365076-6 01.80 01.80 01.80 01.73
cantonese_141004_365076-7 01.44 01.44 01.44 01.37
cantonese_141004_365076-8 01.80 01.80 01.80 01.73
cantonese_141004_365076-9 01.69 01.69 01.69 01.66
cantonese_141004_365094-1 01.48 01.48 01.48 01.37
cantonese_141004_365094-10 01.66 01.66 01.66 01.62
cantonese_141004_365094-11 01.51 01.51 01.51 01.48
cantonese_141004_365094-12 01.58 01.58 01.58 01.51
cantonese_141004_365094-13 01.51 01.51 01.51 01.44
cantonese_141004_365094-14 01.48 01.48 01.48 01.40
cantonese_141004_365094-15 01.58 01.58 01.58 01.55
cantonese_141004_365094-16 01.48 01.48 01.48 01.40
cantonese_141004_365094-17 01.55 01.55 01.55 01.51
cantonese_141004_365094-18 01.58 01.58 01.58 01.51
cantonese_141004_365094-19 01.58 01.58 01.58 01.51
cantonese_141004_365094-2 01.48 01.48 01.48 01.44
cantonese_141004_365094-20 01.48 01.48 01.48 01.44
cantonese_141004_365094-21 01.66 01.66 01.66 01.58
cantonese_141004_365094-22 01.44 01.44 01.44 01.37
cantonese_141004_365094-23 01.48 01.48 01.48 01.40
cantonese_141004_365094-24 01.62 01.62 01.62 01.58
cantonese_141004_365094-25 01.58 01.58 01.58 01.51
cantonese_141004_365094-26 01.62 01.62 01.62 01.58
cantonese_141004_365094-27 01.55 01.55 01.55 01.51
cantonese_141004_365094-28 01.58 01.58 01.58 01.51
cantonese_141004_365094-29 01.44 01.44 01.44 01.37
cantonese_141004_365094-3 01.40 01.40 01.40 01.37
cantonese_141004_365094-30 01.69 01.69 01.69 01.62
cantonese_141004_365094-4 01.55 01.55 01.55 01.51
cantonese_141004_365094-5 01.51 01.51 01.51 01.48
cantonese_141004_365094-6 01.44 01.44 01.44 01.40
cantonese_141004_365094-7 01.48 01.48 01.48 01.40
cantonese_141004_365094-8 01.51 01.51 01.51 01.44
cantonese_141004_365094-9 01.51 01.51 01.51 01.44
cantonese_141005_365168-1 01.37 01.37 01.37 01.30
cantonese_141005_365168-10 01.37 01.37 01.37 01.30
cantonese_141005_365168-11 01.37 01.37 01.37 01.26
cantonese_141005_365168-12 01.44 01.44 01.44 01.40
cantonese_141005_365168-13 01.48 01.48 01.48 01.40
cantonese_141005_365168-14 01.48 01.48 01.48 01.40
cantonese_141005_365168-15 01.48 01.48 01.48 01.44
cantonese_141005_365168-16 01.44 01.44 01.44 01.40
cantonese_141005_365168-17 01.40 01.40 01.40 01.37
cantonese_141005_365168-18 01.40 01.40 01.40 01.37
cantonese_141005_365168-19 01.48 01.48 01.48 01.40
cantonese_141005_365168-2 01.44 01.44 01.44 01.33
cantonese_141005_365168-20 01.44 01.44 01.44 01.40
cantonese_141005_365168-21 01.55 01.55 01.55 01.51
cantonese_141005_365168-22 01.37 01.37 01.37 01.33
cantonese_141005_365168-23 01.37 01.37 01.37 01.33
cantonese_141005_365168-24 01.37 01.37 01.37 01.33
cantonese_141005_365168-25 01.44 01.44 01.44 01.40
cantonese_141005_365168-26 01.48 01.48 01.48 01.40
cantonese_141005_365168-27 01.44 01.44 01.44 01.40
cantonese_141005_365168-28 01.40 01.40 01.40 01.37
cantonese_141005_365168-29 01.48 01.48 01.48 01.37
cantonese_141005_365168-3 01.48 01.48 01.48 01.40
cantonese_141005_365168-30 01.44 01.44 01.44 01.40
cantonese_141005_365168-4 01.40 01.40 01.40 01.30
cantonese_141005_365168-5 01.48 01.48 01.48 01.40
cantonese_141005_365168-6 01.37 01.37 01.37 01.33
cantonese_141005_365168-7 01.51 01.51 01.51 01.48
cantonese_141005_365168-8 01.48 01.48 01.48 01.44
cantonese_141005_365168-9 01.44 01.44 01.44 01.40
cantonese_141005_365170-1 01.73 01.73 01.73 01.66
cantonese_141005_365170-11 01.33 01.33 01.33 01.22
cantonese_141005_365170-12 01.37 01.37 01.37 01.33
cantonese_141005_365170-14 01.51 01.51 01.51 01.44
cantonese_141005_365170-18 01.66 01.66 01.66 01.58
cantonese_141005_365170-2 01.73 01.73 01.73 01.69
cantonese_141005_365170-21 01.66 01.66 01.66 01.62
cantonese_141005_365170-22 01.62 01.62 01.62 01.55
cantonese_141005_365170-26 01.62 01.62 01.62 01.58
cantonese_141005_365170-27 01.73 01.73 01.73 01.69
cantonese_141005_365170-28 01.55 01.55 01.55 01.48
cantonese_141005_365170-30 01.37 01.37 01.37 01.30
cantonese_141005_365170-4 01.58 01.58 01.58 01.55
cantonese_141005_365170-5 01.66 01.66 01.66 01.62
cantonese_141005_365170-6 01.76 01.76 01.76 01.73
cantonese_141005_365170-7 01.58 01.58 01.58 01.55
cantonese_141005_365170-8 01.69 01.69 01.69 01.66
cantonese_141005_365170-9 01.69 01.69 01.69 01.66
cantonese_141005_365172-1 01.33 01.33 01.33 01.26
cantonese_141005_365172-12 01.37 01.37 01.37 01.30
cantonese_141005_365172-14 01.33 01.33 01.33 01.22
cantonese_141005_365172-15 01.37 01.37 01.37 01.30
cantonese_141005_365172-17 01.40 01.40 01.40 01.37
cantonese_141005_365172-2 01.37 01.37 01.37 01.30
cantonese_141005_365172-21 01.51 01.51 01.51 01.44
cantonese_141005_365172-22 01.51 01.51 01.51 01.48
cantonese_141005_365172-23 01.48 01.48 01.48 01.40
cantonese_141005_365172-25 01.48 01.48 01.48 01.44
cantonese_141005_365172-26 01.40 01.40 01.40 01.33
cantonese_141005_365172-27 01.44 01.44 01.44 01.33
cantonese_141005_365172-28 01.40 01.40 01.40 01.37
cantonese_141005_365172-3 01.44 01.44 01.44 01.33
cantonese_141005_365172-30 01.58 01.58 01.58 01.48
cantonese_141005_365172-4 01.44 01.44 01.44 01.40
cantonese_141005_365172-5 01.48 01.48 01.48 01.37
cantonese_141005_365172-6 01.44 01.44 01.44 01.37
cantonese_141005_365172-7 01.40 01.40 01.40 01.30
cantonese_141005_365172-8 01.40 01.40 01.40 01.37
cantonese_141005_365172-9 01.37 01.37 01.37 01.30
cantonese_141006_365326-1 01.48 01.48 01.48 01.40
cantonese_141006_365326-10 01.58 01.58 01.58 01.55
cantonese_141006_365326-11 01.73 01.73 01.73 01.69
cantonese_141006_365326-12 01.48 01.48 01.48 01.44
cantonese_141006_365326-19 01.51 01.51 01.51 01.44
cantonese_141006_365326-2 01.58 01.58 01.58 01.55
cantonese_141006_365326-20 01.51 01.51 01.51 01.48
cantonese_141006_365326-21 01.48 01.48 01.48 01.44
cantonese_141006_365326-22 01.55 01.55 01.55 01.51
cantonese_141006_365326-27 01.55 01.55 01.55 01.51
cantonese_141006_365326-28 01.58 01.58 01.58 01.51
cantonese_141006_365326-29 01.48 01.48 01.48 01.40
cantonese_141006_365326-3 01.62 01.62 01.62 01.55
cantonese_141006_365326-30 01.48 01.48 01.48 01.44
cantonese_141006_365326-4 01.62 01.62 01.62 01.58
cantonese_141006_365326-5 01.44 01.44 01.44 01.40
cantonese_141006_365326-6 01.84 01.84 01.84 01.80
cantonese_141006_365326-7 01.51 01.51 01.51 01.48
cantonese_141006_365326-8 01.66 01.66 01.66 01.58
cantonese_141006_365326-9 01.58 01.58 01.58 01.48
cantonese_141006_365328-1 01.37 01.37 01.37 01.33
cantonese_141006_365328-10 01.40 01.40 01.40 01.37
cantonese_141006_365328-11 01.40 01.40 01.40 01.37
cantonese_141006_365328-12 01.40 01.40 01.40 01.37
cantonese_141006_365328-14 01.40 01.40 01.40 01.37
cantonese_141006_365328-15 01.37 01.37 01.37 01.30
cantonese_141006_365328-16 01.37 01.37 01.37 01.33
cantonese_141006_365328-17 01.40 01.40 01.40 01.33
cantonese_141006_365328-18 01.44 01.44 01.44 01.37
cantonese_141006_365328-19 01.40 01.40 01.40 01.37
cantonese_141006_365328-2 01.40 01.40 01.40 01.33
cantonese_141006_365328-20 01.37 01.37 01.37 01.26
cantonese_141006_365328-21 01.40 01.40 01.40 01.33
cantonese_141006_365328-22 01.40 01.40 01.40 01.37
cantonese_141006_365328-23 01.48 01.48 01.48 01.44
cantonese_141006_365328-24 01.44 01.44 01.44 01.37
cantonese_141006_365328-25 01.44 01.44 01.44 01.40
cantonese_141006_365328-26 01.40 01.40 01.40 01.37
cantonese_141006_365328-27 01.48 01.48 01.48 01.44
cantonese_141006_365328-29 01.37 01.37 01.37 01.33
cantonese_141006_365328-3 01.37 01.37 01.37 01.33
cantonese_141006_365328-30 01.40 01.40 01.40 01.37
cantonese_141006_365328-4 01.44 01.44 01.44 01.33
cantonese_141006_365328-6 01.73 01.73 01.73 01.69
cantonese_141006_365328-7 01.66 01.66 01.66 01.55
cantonese_141006_365328-8 01.87 01.87 01.87 01.84
cantonese_141007_365526-10 01.51 01.51 01.51 01.44
cantonese_141007_365526-12 01.62 01.62 01.62 01.55
cantonese_141007_365526-13 01.55 01.55 01.55 01.51
cantonese_141007_365526-15 01.48 01.48 01.48 01.40
cantonese_141007_365526-16 01.44 01.44 01.44 01.40
cantonese_141007_365526-17 01.48 01.48 01.48 01.37
cantonese_141007_365526-18 01.48 01.48 01.48 01.44
cantonese_141007_365526-19 01.55 01.55 01.55 01.48
cantonese_141007_365526-20 01.55 01.55 01.55 01.51
cantonese_141007_365526-21 01.55 01.55 01.55 01.48
cantonese_141007_365526-22 01.62 01.62 01.62 01.58
cantonese_141007_365526-23 01.48 01.48 01.48 01.37
cantonese_141007_365526-24 01.66 01.66 01.66 01.62
cantonese_141007_365526-26 01.44 01.44 01.44 01.40
cantonese_141007_365526-28 01.51 01.51 01.51 01.48
cantonese_141007_365526-4 01.40 01.40 01.40 01.37
cantonese_141007_365526-5 01.40 01.40 01.40 01.37
cantonese_141007_365526-6 01.58 01.58 01.58 01.51
cantonese_141007_365526-7 01.62 01.62 01.62 01.58
cantonese_141007_365528-1 01.37 01.37 01.37 01.33
cantonese_141007_365528-11 01.40 01.40 01.40 01.37
cantonese_141007_365528-12 01.40 01.40 01.40 01.37
cantonese_141007_365528-13 01.40 01.40 01.40 01.33
cantonese_141007_365528-14 01.40 01.40 01.40 01.37
cantonese_141007_365528-15 01.37 01.37 01.37 01.26
cantonese_141007_365528-16 01.37 01.37 01.37 01.30
cantonese_141007_365528-20 01.37 01.37 01.37 01.33
cantonese_141007_365528-21 01.44 01.44 01.44 01.40
cantonese_141007_365528-22 01.44 01.44 01.44 01.37
cantonese_141007_365528-23 01.48 01.48 01.48 01.40
cantonese_141007_365528-24 01.37 01.37 01.37 01.30
cantonese_141007_365528-25 01.40 01.40 01.40 01.30
cantonese_141007_365528-26 01.40 01.40 01.40 01.30
cantonese_141007_365528-27 01.40 01.40 01.40 01.30
cantonese_141007_365528-28 01.44 01.44 01.44 01.40
cantonese_141007_365528-3 01.44 01.44 01.44 01.40
cantonese_141007_365528-30 01.44 01.44 01.44 01.40
cantonese_141007_365528-4 01.40 01.40 01.40 01.37
cantonese_141007_365528-5 01.44 01.44 01.44 01.40
cantonese_141007_365528-6 01.37 01.37 01.37 01.30
cantonese_141007_365528-7 01.40 01.40 01.40 01.37
cantonese_141007_365528-8 01.40 01.40 01.40 01.33
cantonese_141007_365528-9 01.66 01.66 01.66 01.58
cantonese_141007_365536-1 01.58 01.58 01.58 01.55
cantonese_141007_365536-11 01.55 01.55 01.55 01.48
cantonese_141007_365536-12 01.76 01.76 01.76 01.73
cantonese_141007_365536-13 01.62 01.62 01.62 01.55
cantonese_141007_365536-14 01.73 01.73 01.73 01.66
cantonese_141007_365536-15 01.73 01.73 01.73 01.66
cantonese_141007_365536-16 01.51 01.51 01.51 01.44
cantonese_141007_365536-17 01.87 01.87 01.87 01.80
cantonese_141007_365536-18 01.80 01.80 01.80 01.76
cantonese_141007_365536-19 01.66 01.66 01.66 01.62
cantonese_141007_365536-2 01.66 01.66 01.66 01.62
cantonese_141007_365536-20 01.84 01.84 01.84 01.80
cantonese_141007_365536-21 01.66 01.66 01.66 01.58
cantonese_141007_365536-22 01.62 01.62 01.62 01.55
cantonese_141007_365536-23 01.58 01.58 01.58 01.55
cantonese_141007_365536-24 01.48 01.48 01.48 01.37
cantonese_141007_365536-25 01.51 01.51 01.51 01.48
cantonese_141007_365536-26 01.51 01.51 01.51 01.44
cantonese_141007_365536-27 01.55 01.55 01.55 01.51
cantonese_141007_365536-28 01.91 01.91 01.91 01.87
cantonese_141007_365536-29 01.40 01.40 01.40 01.37
cantonese_141007_365536-3 01.58 01.58 01.58 01.51
cantonese_141007_365536-30 01.76 01.76 01.76 01.73
cantonese_141007_365536-4 01.37 01.37 01.37 01.30
cantonese_141007_365536-6 01.69 01.69 01.69 01.58
cantonese_141007_365536-7 01.73 01.73 01.73 01.66
cantonese_141007_365536-8 01.91 01.91 01.91 01.87
cantonese_141007_365536-9 01.73 01.73 01.73 01.66
cantonese_141015_367259-1 01.48 01.48 01.48 01.44
cantonese_141015_367259-10 01.73 01.73 01.73 01.66
cantonese_141015_367259-11 01.69 01.69 01.69 01.58
cantonese_141015_367259-12 01.76 01.76 01.76 01.73
cantonese_141015_367259-13 01.69 01.69 01.69 01.66
cantonese_141015_367259-14 01.48 01.48 01.48 01.44
cantonese_141015_367259-15 01.76 01.76 01.76 01.73
cantonese_141015_367259-16 01.73 01.73 01.73 01.69
cantonese_141015_367259-17 01.51 01.51 01.51 01.44
cantonese_141015_367259-18 01.80 01.80 01.80 01.73
cantonese_141015_367259-19 01.48 01.48 01.48 01.40
cantonese_141015_367259-2 01.58 01.58 01.58 01.51
cantonese_141015_367259-20 01.58 01.58 01.58 01.51
cantonese_141015_367259-21 01.69 01.69 01.69 01.66
cantonese_141015_367259-22 01.94 01.94 01.94 01.87
cantonese_141015_367259-23 01.66 01.66 01.66 01.62
cantonese_141015_367259-24 01.76 01.76 01.76 01.66
cantonese_141015_367259-25 01.80 01.80 01.80 01.76
cantonese_141015_367259-26 01.58 01.58 01.58 01.51
cantonese_141015_367259-27 01.62 01.62 01.62 01.58
cantonese_141015_367259-28 01.69 01.69 01.69 01.66
cantonese_141015_367259-29 01.58 01.58 01.58 01.51
cantonese_141015_367259-30 01.84 01.84 01.84 01.76
cantonese_141015_367259-5 01.48 01.48 01.48 01.40
cantonese_141015_367259-6 01.51 01.51 01.51 01.44
cantonese_141015_367259-8 01.62 01.62 01.62 01.51
cantonese_141015_367259-9 01.62 01.62 01.62 01.55
cantonese_141015_367263-10 01.73 01.73 01.73 01.66
cantonese_141015_367263-11 01.69 01.69 01.69 01.66
cantonese_141015_367263-12 01.87 01.87 01.87 01.84
cantonese_141015_367263-13 01.91 01.91 01.91 01.80
cantonese_141015_367263-14 01.84 01.84 01.84 01.80
cantonese_141015_367263-15 01.69 01.69 01.69 01.66
cantonese_141015_367263-16 01.58 01.58 01.58 01.55
cantonese_141015_367263-17 01.80 01.80 01.80 01.69
cantonese_141015_367263-18 01.66 01.66 01.66 01.58